  *** Flux-surface parameters 
      s =   0.20000000000000001     
      Number of periods =            5
      psi_p =   0.56430992983445571     
      chi_p =   0.49396259834892314     
      iota =  -0.87533919258488069     
      B00 =    2.7442137208215804     
      B_theta =   -1.7694179454963428E-017
      B_zeta =    15.829374982385977     
      B00/(B_zeta+iota*B_theta) =   0.17336210203341473     
  *** Stellarator parameters 
      Aspect_ratio =    11.094685675497351     
      Minor_Radius =   0.50451888636868558     
      Major_Radius =    5.5974784616125310     

  *** Magnetic field strength Fourier modes 
                        m                        n                     B_mn                 B_mn/B00
                        0                        0   0.2744213720821580E+01   0.1000000000000000E+01
                        0                        1   0.2754831298976684E+00   0.1003869078444781E+00
                        0                        2  -0.1472309484555413E-02  -0.5365141473436784E-03
                        0                        3   0.3554046837593426E-02   0.1295105702091378E-02
                        0                        4   0.6802663245771263E-02   0.2478911607414687E-02
                        0                        5   0.8825859251502690E-03   0.3216170513446871E-03
                        0                        6  -0.3324710199755009E-03  -0.1211534719227202E-03
                        0                        7   0.6659279462975773E-04   0.2426662111791379E-04
                        1                       -7  -0.4566386209285304E-04  -0.1664005312209499E-04
                        1                       -5   0.1650783295025859E-03   0.6015505579979523E-04
                        1                       -4   0.3380263310118516E-03   0.1231778445122893E-03
                        1                       -3  -0.1788001072286386E-02  -0.6515531420603360E-03
                        1                       -2   0.3873416721645176E-02   0.1411485079407564E-02
                        1                       -1   0.5545744695620662E-02   0.2020886585305878E-02
                        1                        0  -0.4787412105303394E-01  -0.1744547834951466E-01
                        1                        1  -0.1022104091291539E+00  -0.3724579042573749E-01
                        1                        2   0.5253539006589328E-02   0.1914405924993513E-02
                        1                        3  -0.3854565838631416E-02  -0.1404615759109830E-02
                        1                        4   0.9647208544493281E-03   0.3515472745907355E-03
                        1                        5  -0.9671828877751851E-03  -0.3524444471787072E-03
                        1                        6   0.8176472752480289E-04   0.2979532057012077E-04
                        1                        7  -0.2884247029277174E-04  -0.1051028572371422E-04
                        2                       -6   0.5657389687524470E-04   0.2061570366986841E-04
                        2                       -5  -0.4284044225153226E-03  -0.1561119016586886E-03
                        2                       -4   0.1169743529539810E-03   0.4262581739404774E-04
                        2                       -3   0.5613288374297577E-03   0.2045499711522846E-03
                        2                       -2   0.5473889771066872E-03   0.1994702427705982E-03
                        2                       -1  -0.2096064766856530E-02  -0.7638125088263887E-03
                        2                        0  -0.6318267177489050E-02  -0.2302396176197766E-02
                        2                        1  -0.2925181077872562E-02  -0.1065945066770092E-02
                        2                        2  -0.1767012114619759E-02  -0.6439047007208823E-03
                        2                        3   0.2279194351811205E-02   0.8305454981577910E-03
                        2                        4   0.4309154714724922E-03   0.1570269356948926E-03
                        2                        5   0.6501144115189277E-03   0.2369037100085238E-03
                        2                        6  -0.3133852873363531E-03  -0.1141985716923425E-03
                        2                        7   0.7863840530120594E-04   0.2865607904535317E-04
                        3                       -5  -0.3500511929202395E-04  -0.1275597415260495E-04
                        3                       -4  -0.1071403026986535E-03  -0.3904225894861321E-04
                        3                       -3  -0.3418347398199639E-04  -0.1245656405061714E-04
                        3                       -2  -0.2564252588833806E-03  -0.9344216047670310E-04
                        3                       -1  -0.4752673525038797E-03  -0.1731888988447996E-03
                        3                        0  -0.1196860585884242E-03  -0.4361397134644157E-04
                        3                        1   0.1496436574960509E-03   0.5453061339961877E-04
                        3                        2  -0.3079291651473922E-02  -0.1122103438267200E-02
                        3                        3   0.1560863725144491E-02   0.5687835875542484E-03
                        3                        4  -0.6202672716918594E-03  -0.2260273195872513E-03
                        3                        5  -0.3648746548645465E-04  -0.1329614570818879E-04
                        3                        6   0.1280862540730292E-03   0.4667502866164591E-04
                        3                        7  -0.7713190613922014E-04  -0.2810710607340302E-04
                        3                        8   0.4524535556533204E-04   0.1648754804410284E-04
                        4                       -4  -0.6317422950613713E-04  -0.2302088537303269E-04
                        4                       -1  -0.1180231740628327E-03  -0.4300801106245405E-04
                        4                        0   0.4184789832778821E-04   0.1524950407844310E-04
                        4                        1  -0.9976990233783890E-04  -0.3635646217378767E-04
                        4                        2  -0.4635537093824079E-03  -0.1689204109232521E-03
                        4                        3   0.4246899141573490E-03   0.1547583232803758E-03
                        4                        4   0.7612007473185449E-04   0.2773839156706248E-04
                        4                        5  -0.7183075693041098E-04  -0.2617535084290221E-04
                        4                        6   0.3557728896782473E-04   0.1296447455891787E-04
                        5                        1  -0.3148749469740859E-04  -0.1147414082893721E-04
                        5                        2  -0.1223232030933230E-03  -0.4457495499173478E-04
                        5                        5  -0.4551062491813509E-04  -0.1658421301986269E-04
                       11                        6  -0.5878516585399228E-04  -0.2142149695118965E-04
                       11                        7  -0.5044460505660750E-04  -0.1838217070115992E-04
                       12                        5   0.6162401070274155E-04   0.2245598082801370E-04
                       12                        6   0.1182592615029894E-03   0.4309404205864265E-04
                       12                        7   0.1280612599763028E-03   0.4666592073519806E-04
                       12                        9  -0.4397985223150383E-04  -0.1602639470016820E-04
                       13                        6  -0.3638096737962913E-04  -0.1325733746741021E-04
                       13                        7  -0.6028225202096932E-04  -0.2196703979853349E-04
                       13                        8  -0.4125044764286054E-04  -0.1503179119391281E-04
                       14                        5  -0.3698591833689550E-04  -0.1347778347446729E-04
                       14                        6  -0.6653118087783330E-04  -0.2424416887541644E-04
                       14                        7  -0.6878532606825806E-04  -0.2506558638139331E-04
                       14                        8  -0.2892017877245182E-04  -0.1053860293497604E-04
                       14                        9   0.4630150894615457E-04   0.1687241361518028E-04
                       15                        6  -0.4531255433450234E-04  -0.1651203548422474E-04
                       15                        7  -0.5006901435466744E-04  -0.1824530428325293E-04
                       15                        8  -0.3387400956021856E-04  -0.1234379425450768E-04
