                        s                     iota               2pi*psi(s)                  psi'(s)             B_theta_s(s)              B_zeta_s(s)
   0.5102040816326533E-02   0.8545257002676253E+00   0.1020408163265306E-01  -0.3183098861837907E+00   0.3035766082959412E-17   0.1573489840116841E+02
   0.1530612244897960E-01   0.8554401992713128E+00   0.3061224489795918E-01  -0.3183098861837907E+00   0.2168404344971009E-17   0.1573983775155041E+02
   0.2551020408163266E-01   0.8566479411727189E+00   0.5102040816326530E-01  -0.3183098861837907E+00   0.1127570259384925E-16   0.1574480371276034E+02
   0.3571428571428573E-01   0.8577453924927343E+00   0.7142857142857142E-01  -0.3183098861837907E+00   0.1387778780781446E-16   0.1574977093837657E+02
   0.4591836734693880E-01   0.8588415173221534E+00   0.9183673469387756E-01  -0.3183098861837907E+00   0.1409462824231156E-16   0.1575473633501433E+02
   0.5612244897959186E-01   0.8599628808871592E+00   0.1122448979591837E+00  -0.3183098861837907E+00   0.1604619215278547E-16   0.1575969985310775E+02
   0.6632653061224492E-01   0.8610970069558338E+00   0.1326530612244898E+00  -0.3183098861837907E+00   0.2103352214621879E-16   0.1576466123991092E+02
   0.7653061224489799E-01   0.8622435273324282E+00   0.1530612244897959E+00  -0.3183098861837907E+00   0.1040834085586084E-16   0.1576961910500447E+02
   0.8673469387755106E-01   0.8633900454626164E+00   0.1734693877551020E+00  -0.3183098861837907E+00   0.6938893903907228E-17   0.1577457421741050E+02
   0.9693877551020411E-01   0.8645316942559518E+00   0.1938775510204081E+00  -0.3183098861837907E+00   0.1951563910473908E-16   0.1577952707976350E+02
   0.1071428571428572E+00   0.8656608261181191E+00   0.2142857142857143E+00  -0.3183098861837907E+00   0.5637851296924623E-17   0.1578447676353095E+02
   0.1173469387755102E+00   0.8667802788299631E+00   0.2346938775510204E+00  -0.3183098861837907E+00  -0.1647987302177967E-16   0.1578942292632920E+02
   0.1275510204081633E+00   0.8678860633830282E+00   0.2551020408163265E+00  -0.3183098861837907E+00  -0.9107298248878237E-17   0.1579436630939962E+02
   0.1377551020408164E+00   0.8689804319651872E+00   0.2755102040816326E+00  -0.3183098861837907E+00  -0.1214306433183765E-16   0.1579930669137360E+02
   0.1479591836734694E+00   0.8700603174372882E+00   0.2959183673469387E+00  -0.3183098861837907E+00   0.7806255641895632E-17   0.1580424366368224E+02
   0.1581632653061225E+00   0.8711268128136639E+00   0.3163265306122448E+00  -0.3183098861837907E+00  -0.1734723475976807E-16   0.1580917756143388E+02
   0.1683673469387756E+00   0.8721779730454789E+00   0.3367346938775510E+00  -0.3183098861837907E+00   0.4380176776841438E-16   0.1581410846876421E+02
   0.1785714285714286E+00   0.8732151011591598E+00   0.3571428571428570E+00  -0.3183098861837907E+00   0.1821459649775647E-16   0.1581903635226515E+02
   0.1887755102040817E+00   0.8742352377065441E+00   0.3775510204081632E+00  -0.3183098861837907E+00  -0.2732189474663471E-16   0.1582396118040213E+02
   0.1989795918367347E+00   0.8752402645962359E+00   0.3979591836734693E+00  -0.3183098861837907E+00   0.1734723475976807E-16   0.1582888311642899E+02
   0.2091836734693878E+00   0.8762295444826839E+00   0.4183673469387754E+00  -0.3183098861837907E+00   0.2081668171172169E-16   0.1583380177599882E+02
   0.2193877551020408E+00   0.8772041066730214E+00   0.4387755102040815E+00  -0.3183098861837907E+00   0.5464378949326942E-16   0.1583871788397161E+02
   0.2295918367346939E+00   0.8781620524096752E+00   0.4591836734693876E+00  -0.3183098861837907E+00  -0.6938893903907228E-17   0.1584363091369256E+02
   0.2397959183673470E+00   0.8791058686205726E+00   0.4795918367346937E+00  -0.3183098861837907E+00   0.4336808689942018E-16   0.1584854094809806E+02
   0.2500000000000000E+00   0.8800351094549530E+00   0.4999999999999998E+00  -0.3183098861837907E+00   0.6548581121812447E-16   0.1585344792813842E+02
   0.2602040816326531E+00   0.8809513308237228E+00   0.5204081632653059E+00  -0.3183098861837907E+00  -0.3469446951953614E-16   0.1585835222347457E+02
   0.2704081632653061E+00   0.8818540569903995E+00   0.5408163265306121E+00  -0.3183098861837907E+00   0.4770489558936220E-17   0.1586325365174492E+02
   0.2806122448979592E+00   0.8827454587427723E+00   0.5612244897959182E+00  -0.3183098861837907E+00   0.2515349040166370E-16   0.1586815210104304E+02
   0.2908163265306122E+00   0.8836247728824732E+00   0.5816326530612242E+00  -0.3183098861837907E+00  -0.8673617379884035E-17   0.1587304772448264E+02
   0.3010204081632653E+00   0.8844935597245057E+00   0.6020408163265304E+00  -0.3183098861837907E+00   0.3295974604355933E-16   0.1587794057634968E+02
   0.3112244897959184E+00   0.8853516573130809E+00   0.6224489795918365E+00  -0.3183098861837907E+00   0.3469446951953614E-17   0.1588283068497724E+02
   0.3214285714285715E+00   0.8862007685734357E+00   0.6428571428571426E+00  -0.3183098861837907E+00   0.8239936510889834E-17   0.1588771776575179E+02
   0.3316326530612245E+00   0.8870404985577083E+00   0.6632653061224487E+00  -0.3183098861837907E+00   0.1734723475976807E-16   0.1589260223667037E+02
   0.3418367346938776E+00   0.8878721823067272E+00   0.6836734693877549E+00  -0.3183098861837907E+00   0.6071532165918825E-16   0.1589748399810098E+02
   0.3520408163265306E+00   0.8886956340850459E+00   0.7040816326530609E+00  -0.3183098861837907E+00   0.5724587470723463E-16   0.1590236282553404E+02
   0.3622448979591837E+00   0.8895119534283927E+00   0.7244897959183670E+00  -0.3183098861837907E+00   0.7025630077706069E-16   0.1590723892430901E+02
   0.3724489795918368E+00   0.8903212083596774E+00   0.7448979591836732E+00  -0.3183098861837907E+00   0.1561251128379126E-16   0.1591211241714197E+02
   0.3826530612244898E+00   0.8911246888395147E+00   0.7653061224489793E+00  -0.3183098861837907E+00  -0.8673617379884035E-17   0.1591698323017943E+02
   0.3928571428571428E+00   0.8919221180069461E+00   0.7857142857142854E+00  -0.3183098861837907E+00  -0.3469446951953614E-17   0.1592185115373391E+02
   0.4030612244897959E+00   0.8927145004941092E+00   0.8061224489795915E+00  -0.3183098861837907E+00   0.5377642775528102E-16   0.1592671652894552E+02
   0.4132653061224489E+00   0.8935018420824600E+00   0.8265306122448975E+00  -0.3183098861837907E+00   0.1040834085586084E-16   0.1593157923465737E+02
   0.4234693877551020E+00   0.8942847650280732E+00   0.8469387755102037E+00  -0.3183098861837907E+00  -0.1734723475976807E-17   0.1593643922645183E+02
   0.4336734693877551E+00   0.8950629728616586E+00   0.8673469387755098E+00  -0.3183098861837907E+00   0.3469446951953614E-16   0.1594129652300226E+02
   0.4438775510204082E+00   0.8958375535877601E+00   0.8877551020408159E+00  -0.3183098861837907E+00   0.6938893903907228E-17   0.1594615134667035E+02
   0.4540816326530612E+00   0.8966084440945501E+00   0.9081632653061220E+00  -0.3183098861837907E+00   0.1127570259384925E-16   0.1595100350191695E+02
   0.4642857142857143E+00   0.8973761577894028E+00   0.9285714285714282E+00  -0.3183098861837907E+00   0.2081668171172169E-16   0.1595585299050154E+02
   0.4744897959183674E+00   0.8981406862848657E+00   0.9489795918367343E+00  -0.3183098861837907E+00  -0.6158268339717665E-16   0.1596069988851485E+02
   0.4846938775510204E+00   0.8989031384951699E+00   0.9693877551020404E+00  -0.3183098861837907E+00   0.4510281037539698E-16   0.1596554430310094E+02
   0.4948979591836735E+00   0.8996630889751918E+00   0.9897959183673465E+00  -0.3183098861837907E+00   0.1101549407245273E-15   0.1597038607851215E+02
   0.5051020408163265E+00   0.9004210306383902E+00   0.1010204081632653E+01  -0.3183098861837907E+00  -0.2341876692568690E-16   0.1597522531348885E+02
   0.5153061224489797E+00   0.9011773976274750E+00   0.1030612244897959E+01  -0.3183098861837907E+00   0.6071532165918825E-16   0.1598006200565950E+02
   0.5255102040816326E+00   0.9019332796250096E+00   0.1051020408163265E+01  -0.3183098861837907E+00  -0.3989863994746656E-16   0.1598489625332268E+02
   0.5357142857142858E+00   0.9026879498296652E+00   0.1071428571428571E+01  -0.3183098861837907E+00   0.2255140518769849E-16   0.1598972784082632E+02
   0.5459183673469388E+00   0.9034421606397182E+00   0.1091836734693877E+01  -0.3183098861837907E+00   0.9540979117872439E-16   0.1599455695203124E+02
   0.5561224489795920E+00   0.9041963110098810E+00   0.1112244897959183E+01  -0.3183098861837907E+00   0.3469446951953614E-17   0.1599938362141341E+02
   0.5663265306122449E+00   0.9049506818249057E+00   0.1132653061224489E+01  -0.3183098861837907E+00   0.5551115123125783E-16   0.1600420785271817E+02
   0.5765306122448979E+00   0.9057045884285827E+00   0.1153061224489795E+01  -0.3183098861837907E+00   0.2081668171172169E-16   0.1600902954164380E+02
   0.5867346938775511E+00   0.9064597235072971E+00   0.1173469387755102E+01  -0.3183098861837907E+00  -0.2255140518769849E-16   0.1601384871815940E+02
   0.5969387755102040E+00   0.9072162305534932E+00   0.1193877551020408E+01  -0.3183098861837907E+00   0.6938893903907228E-17   0.1601866555004511E+02
   0.6071428571428572E+00   0.9079734659245058E+00   0.1214285714285714E+01  -0.3183098861837907E+00  -0.2602085213965211E-16   0.1602347990005738E+02
   0.6173469387755102E+00   0.9087306440408195E+00   0.1234693877551020E+01  -0.3183098861837907E+00   0.5724587470723463E-16   0.1602829185570474E+02
   0.6275510204081634E+00   0.9094897154141343E+00   0.1255102040816326E+01  -0.3183098861837907E+00  -0.6245004513516506E-16   0.1603310148157412E+02
   0.6377551020408163E+00   0.9102510063542266E+00   0.1275510204081632E+01  -0.3183098861837907E+00   0.5377642775528102E-16   0.1603790869952490E+02
   0.6479591836734695E+00   0.9110144174918232E+00   0.1295918367346938E+01  -0.3183098861837907E+00   0.7112366251504909E-16   0.1604271349809149E+02
   0.6581632653061225E+00   0.9117803645244291E+00   0.1316326530612244E+01  -0.3183098861837907E+00   0.2862293735361732E-16   0.1604751585240736E+02
   0.6683673469387756E+00   0.9125500912519997E+00   0.1336734693877551E+01  -0.3183098861837907E+00   0.4943961906533900E-16   0.1605231593537559E+02
   0.6785714285714286E+00   0.9133220268376787E+00   0.1357142857142857E+01  -0.3183098861837907E+00   0.2255140518769849E-16   0.1605711359641290E+02
   0.6887755102040818E+00   0.9140960926712580E+00   0.1377551020408163E+01  -0.3183098861837907E+00  -0.1647987302177967E-16   0.1606190905029414E+02
   0.6989795918367347E+00   0.9148742001206773E+00   0.1397959183673469E+01  -0.3183098861837907E+00  -0.1734723475976807E-17   0.1606670204736227E+02
   0.7091836734693877E+00   0.9156571970954404E+00   0.1418367346938775E+01  -0.3183098861837907E+00   0.1474514954580286E-15   0.1607149280973531E+02
   0.7193877551020409E+00   0.9164425900897463E+00   0.1438775510204081E+01  -0.3183098861837907E+00   0.4336808689942018E-16   0.1607628120044718E+02
   0.7295918367346939E+00   0.9172301868556109E+00   0.1459183673469387E+01  -0.3183098861837907E+00   0.9540979117872439E-17   0.1608106740851706E+02
   0.7397959183673470E+00   0.9180218697076530E+00   0.1479591836734693E+01  -0.3183098861837907E+00   0.1474514954580286E-16   0.1608585136131823E+02
   0.7500000000000000E+00   0.9188184289775178E+00   0.1499999999999999E+01  -0.3183098861837907E+00  -0.4683753385137379E-16   0.1609063316795600E+02
   0.7602040816326531E+00   0.9196186045262579E+00   0.1520408163265305E+01  -0.3183098861837907E+00   0.3035766082959412E-16   0.1609541257969057E+02
   0.7704081632653061E+00   0.9204236063715635E+00   0.1540816326530612E+01  -0.3183098861837907E+00  -0.3469446951953614E-16   0.1610018969093285E+02
   0.7806122448979591E+00   0.9212338941205138E+00   0.1561224489795918E+01  -0.3183098861837907E+00   0.3729655473350135E-16   0.1610496468826238E+02
   0.7908163265306123E+00   0.9220485554809480E+00   0.1581632653061224E+01  -0.3183098861837907E+00   0.2602085213965211E-17   0.1610973751065485E+02
   0.8010204081632653E+00   0.9228670500836733E+00   0.1602040816326530E+01  -0.3183098861837907E+00  -0.1283695372222837E-15   0.1611450815925186E+02
   0.8112244897959184E+00   0.9236915193389179E+00   0.1622448979591836E+01  -0.3183098861837907E+00   0.1257674520083185E-15   0.1611927653873762E+02
   0.8214285714285714E+00   0.9245216549585843E+00   0.1642857142857142E+01  -0.3183098861837907E+00   0.2896988204881268E-15   0.1612404274613874E+02
   0.8316326530612245E+00   0.9253561933228255E+00   0.1663265306122448E+01  -0.3183098861837907E+00   0.1110223024625157E-15   0.1612880682925493E+02
   0.8418367346938775E+00   0.9261950595426013E+00   0.1683673469387754E+01  -0.3183098861837907E+00   0.4510281037539698E-16   0.1613356888312696E+02
   0.8520408163265305E+00   0.9270396124264754E+00   0.1704081632653060E+01  -0.3183098861837907E+00   0.1266348137463069E-15   0.1613832869608058E+02
   0.8622448979591837E+00   0.9278894380835840E+00   0.1724489795918367E+01  -0.3183098861837907E+00  -0.5551115123125783E-16   0.1614308639628640E+02
   0.8724489795918368E+00   0.9287443059462768E+00   0.1744897959183673E+01  -0.3183098861837907E+00  -0.5117434254131581E-16   0.1614784213537567E+02
   0.8826530612244898E+00   0.9296046966837097E+00   0.1765306122448979E+01  -0.3183098861837907E+00  -0.4336808689942018E-16   0.1615259569315674E+02
   0.8928571428571429E+00   0.9304714870163078E+00   0.1785714285714285E+01  -0.3183098861837907E+00  -0.2862293735361732E-16   0.1615734719207423E+02
   0.9030612244897960E+00   0.9313438453533156E+00   0.1806122448979591E+01  -0.3183098861837907E+00   0.1110223024625157E-15   0.1616209655640147E+02
   0.9132653061224489E+00   0.9322209526794450E+00   0.1826530612244897E+01  -0.3183098861837907E+00  -0.6938893903907228E-16   0.1616684398221483E+02
   0.9234693877551021E+00   0.9331042885008108E+00   0.1846938775510203E+01  -0.3183098861837907E+00  -0.6765421556309548E-16   0.1617158932730014E+02
   0.9336734693877551E+00   0.9339943587548738E+00   0.1867346938775509E+01  -0.3183098861837907E+00   0.1249000902703301E-15   0.1617633276329024E+02
   0.9438775510204083E+00   0.9348900798985958E+00   0.1887755102040816E+01  -0.3183098861837907E+00   0.6071532165918825E-16   0.1618107396295643E+02
   0.9540816326530612E+00   0.9357915205650245E+00   0.1908163265306122E+01  -0.3183098861837907E+00   0.4423544863740858E-16   0.1618581311220724E+02
   0.9642857142857143E+00   0.9366982680225507E+00   0.1928571428571428E+01  -0.3183098861837907E+00   0.9454242944073599E-16   0.1619055061753542E+02
   0.9744897959183674E+00   0.9376102846038439E+00   0.1948979591836734E+01  -0.3183098861837907E+00   0.3729655473350135E-16   0.1619528605642671E+02
   0.9846938775510203E+00   0.9385274618743336E+00   0.1969387755102040E+01  -0.3183098861837907E+00  -0.1214306433183765E-15   0.1620001940534474E+02
   0.9948979591836735E+00   0.9394462765307012E+00   0.1989795918367346E+01  -0.3183098861837907E+00   0.2775557561562891E-16   0.1620475086772755E+02
