              nu/v [m^-1]         E_r/v [V s /m^2]                 N_theta                   N_zeta                     N_xi                     D_11                     D_31                     D_13                     D_33             D_33_Spitzer      Wall-clock time [s]             CPU time [s] 
   0.1000000000000000E-04   0.0000000000000000E+00   0.3100000000000000E+02   0.6100000000000000E+02   0.1600000000000000E+03   0.3132744668101639E+00   0.1230916675072767E+00  -0.1230885052389058E+00   0.3127417276121548E+05   0.6550677763854743E+05   0.7622499999999999E+02   0.6013139440000000E+03
   0.3000000000000000E-04   0.0000000000000000E+00   0.3100000000000000E+02   0.6100000000000000E+02   0.1600000000000000E+03   0.1050806178035504E+00   0.8785614117887010E-01  -0.8785644588652956E-01   0.1069002958583409E+05   0.2183559254618248E+05   0.6231100000000000E+02   0.4919176099999999E+03
   0.1000000000000000E-03   0.0000000000000000E+00   0.3100000000000000E+02   0.6100000000000000E+02   0.1600000000000000E+03   0.3208074749910150E-01   0.1714346242254439E-01  -0.1714314883651533E-01   0.3322160068854554E+04   0.6550677763854737E+04   0.5373400000000000E+02   0.4235127220000002E+03
   0.3000000000000000E-03   0.0000000000000000E+00   0.3100000000000000E+02   0.6100000000000000E+02   0.1600000000000000E+03   0.1102773375552779E-01  -0.2283026083097495E-01   0.2283025341993236E-01   0.1160937320194744E+04   0.2183559254618249E+04   0.5304900000000000E+02   0.4189089260000001E+03
   0.1000000000000000E-02   0.0000000000000000E+00   0.3100000000000000E+02   0.6100000000000000E+02   0.1600000000000000E+03   0.3684166319284010E-02  -0.1868966577734113E-01   0.1868967143615601E-01   0.3769033934460996E+03   0.6550677763854741E+03   0.6045500000000000E+02   0.4775642020000000E+03
   0.3000000000000000E-02   0.0000000000000000E+00   0.3100000000000000E+02   0.6100000000000000E+02   0.1600000000000000E+03   0.1856169855481044E-02  -0.1387829547704224E-01   0.1387829964823783E-01   0.1388553182594656E+03   0.2183559254618247E+03   0.6345900000000000E+02   0.5011661620000000E+03
   0.1000000000000000E-01   0.0000000000000000E+00   0.3100000000000000E+02   0.6100000000000000E+02   0.1600000000000000E+03   0.1859909199884615E-02  -0.1336255482170595E-01   0.1336255579024561E-01   0.4824466925518241E+02   0.6550677763854743E+02   0.6307500000000000E+02   0.4984351400000000E+03
   0.3000000000000000E-01   0.0000000000000000E+00   0.3100000000000000E+02   0.6100000000000000E+02   0.1600000000000000E+03   0.2818625357094867E-02  -0.1101544653430951E-01   0.1101544668296589E-01   0.1877595296972695E+02   0.2183559254618247E+02   0.5503700000000000E+02   0.4330823009999999E+03
   0.1000000000000000E+00   0.0000000000000000E+00   0.3100000000000000E+02   0.6100000000000000E+02   0.1600000000000000E+03   0.5346637286780647E-02  -0.4050173286589128E-02   0.4050173315792435E-02   0.6265599681954304E+01   0.6550677763854740E+01   0.5289700000000000E+02   0.4182974669999999E+03
   0.3000000000000000E+00   0.0000000000000000E+00   0.3100000000000000E+02   0.6100000000000000E+02   0.1600000000000000E+03   0.1267837224210509E-01  -0.7166509186240618E-03   0.7166509269615202E-03   0.2165489699574787E+01   0.2183559254618248E+01   0.5415800000000000E+02   0.4282321829999992E+03
   0.1000000000000000E-04   0.3000000000000000E-03   0.3100000000000000E+02   0.6100000000000000E+02   0.1600000000000000E+03   0.1346277566042653E-01   0.2399657452730365E+00  -0.2399360806043776E+00   0.3130571786230684E+05   0.6550677763854743E+05   0.5281700000000000E+02   0.4176420069999995E+03
   0.3000000000000000E-04   0.3000000000000000E-03   0.3100000000000000E+02   0.6100000000000000E+02   0.1600000000000000E+03   0.2275922625440988E-01   0.2866578988094046E+00  -0.2866547588685890E+00   0.1070061305975435E+05   0.2183559254618248E+05   0.6215600000000000E+02   0.4906540820000000E+03
   0.1000000000000000E-03   0.3000000000000000E-03   0.3100000000000000E+02   0.6100000000000000E+02   0.1600000000000000E+03   0.2288818042887210E-01   0.1054380412037162E+00  -0.1054377323594715E+00   0.3325737758995488E+04   0.6550677763854737E+04   0.5773500000000000E+02   0.4561943769999998E+03
   0.3000000000000000E-03   0.3000000000000000E-03   0.3100000000000000E+02   0.6100000000000000E+02   0.1600000000000000E+03   0.1050067231546159E-01  -0.1136090018890792E-01   0.1136089632711091E-01   0.1161466436688999E+04   0.2183559254618249E+04   0.5501200000000000E+02   0.4349022610000002E+03
   0.1000000000000000E-02   0.3000000000000000E-03   0.3100000000000000E+02   0.6100000000000000E+02   0.1600000000000000E+03   0.3666769389867461E-02  -0.1804349154922486E-01   0.1804349712172338E-01   0.3769374939642995E+03   0.6550677763854741E+03   0.5726700000000000E+02   0.4528286699999999E+03
   0.3000000000000000E-02   0.3000000000000000E-03   0.3100000000000000E+02   0.6100000000000000E+02   0.1600000000000000E+03   0.1855489986816797E-02  -0.1383942984173449E-01   0.1383943396907572E-01   0.1388577202203311E+03   0.2183559254618247E+03   0.5266400000000000E+02   0.4165166149999995E+03
   0.1000000000000000E-01   0.3000000000000000E-03   0.3100000000000000E+02   0.6100000000000000E+02   0.1600000000000000E+03   0.1859954116629301E-02  -0.1336081959370647E-01   0.1336082056076544E-01   0.4824479579967752E+02   0.6550677763854743E+02   0.5913100000000000E+02   0.4672291400000004E+03
   0.3000000000000000E-01   0.3000000000000000E-03   0.3100000000000000E+02   0.6100000000000000E+02   0.1600000000000000E+03   0.2818689458440201E-02  -0.1101535532564062E-01   0.1101535547422341E-01   0.1877595810645630E+02   0.2183559254618247E+02   0.5847700000000000E+02   0.4619280840000001E+03
   0.1000000000000000E+00   0.3000000000000000E-03   0.3100000000000000E+02   0.6100000000000000E+02   0.1600000000000000E+03   0.5346666331285800E-02  -0.4050201999090620E-02   0.4050202028284509E-02   0.6265599782489340E+01   0.6550677763854740E+01   0.5588800000000000E+02   0.4419061940000011E+03
   0.3000000000000000E+00   0.3000000000000000E-03   0.3100000000000000E+02   0.6100000000000000E+02   0.1600000000000000E+03   0.1267503227833074E-01  -0.7167887698446550E-03   0.7167887781744186E-03   0.2165489702834250E+01   0.2183559254618248E+01   0.5850300000000000E+02   0.4625585949999986E+03
