                        s                     iota                   psi(s)                  psi'(s)             B_theta_s(s)              B_zeta_s(s)
   0.7142857142857144E-02   0.8577199710046201E+00  -0.1360714285714286E-01   0.3031901665900610E+00   0.4743384504624082E-18  -0.1408758027843910E+02
   0.1428571428571429E-01   0.8568829531011209E+00  -0.2721428571428572E-01   0.3031901665900610E+00  -0.9798477133837746E-17  -0.1408758027807880E+02
   0.2142857142857143E-01   0.8559071500988830E+00  -0.4082142857142857E-01   0.3031901665900610E+00   0.3767602549387128E-17  -0.1408758027809710E+02
   0.2857142857142857E-01   0.8549659379585470E+00  -0.5442857142857143E-01   0.3031901665900610E+00  -0.9757819552369540E-18  -0.1408758027831670E+02
   0.3571428571428572E-01   0.8541745305551990E+00  -0.6803571428571430E-01   0.3031901665900610E+00   0.1137057028394173E-16  -0.1408758027858110E+02
   0.4285714285714286E-01   0.8535473896674300E+00  -0.8164285714285716E-01   0.3031901665900610E+00  -0.1260385025514399E-16  -0.1408758027867620E+02
   0.5000000000000000E-01   0.8530819059550280E+00  -0.9525000000000000E-01   0.3031901665900610E+00  -0.1357963221038094E-16  -0.1408758027875880E+02
   0.5714285714285722E-01   0.8527634955387490E+00  -0.1088571428571430E+00   0.3031901665900610E+00  -0.1241411487495903E-16  -0.1408758027920870E+02
   0.6428571428571443E-01   0.8525767607869860E+00  -0.1224642857142860E+00   0.3031901665900610E+00  -0.1295621596120178E-16  -0.1408758027938550E+02
   0.7142857142857166E-01   0.8525057849355990E+00  -0.1360714285714290E+00   0.3031901665900610E+00   0.2574980159653073E-17  -0.1408758027966700E+02
   0.7857142857142835E-01   0.8525376888595380E+00  -0.1496785714285710E+00   0.3031901665900610E+00   0.1656118818471608E-16  -0.1408758027987520E+02
   0.8571428571428556E-01   0.8526604736362450E+00  -0.1632857142857140E+00   0.3031901665900610E+00  -0.5502326025363935E-17  -0.1408758027999000E+02
   0.9285714285714278E-01   0.8528646076077390E+00  -0.1768928571428570E+00   0.3031901665900610E+00  -0.3144186300207963E-17  -0.1408758028007980E+02
   0.1000000000000000E+00   0.8531411909286760E+00  -0.1905000000000000E+00   0.3031901665900610E+00  -0.1254964014651971E-16  -0.1408758028022050E+02
   0.1071428571428572E+00   0.8534832208245610E+00  -0.2041071428571430E+00   0.3031901665900610E+00  -0.3756760527662273E-16  -0.1408758028019560E+02
   0.1142857142857144E+00   0.8538839523451870E+00  -0.2177142857142860E+00   0.3031901665900610E+00   0.1387778780781446E-16  -0.1408758028003160E+02
   0.1214285714285717E+00   0.8543380263915060E+00  -0.2313214285714290E+00   0.3031901665900610E+00   0.2442165393523599E-16  -0.1408758027992200E+02
   0.1285714285714283E+00   0.8548400775484980E+00  -0.2449285714285710E+00   0.3031901665900610E+00   0.3691708397313143E-16  -0.1408758027983370E+02
   0.1357142857142856E+00   0.8553857017543560E+00  -0.2585357142857140E+00   0.3031901665900610E+00   0.2818925648462312E-17  -0.1408758027961490E+02
   0.1428571428571428E+00   0.8559704525047590E+00  -0.2721428571428570E+00   0.3031901665900610E+00   0.1452830911130576E-16  -0.1408758027943610E+02
   0.1500000000000000E+00   0.8565907113234070E+00  -0.2857500000000000E+00   0.3031901665900610E+00  -0.3052029115546695E-16  -0.1408758027925330E+02
   0.1571428571428572E+00   0.8572427368679330E+00  -0.2993571428571430E+00   0.3031901665900610E+00  -0.2276824562219559E-17  -0.1408758027913180E+02
   0.1642857142857144E+00   0.8579234098075660E+00  -0.3129642857142860E+00   0.3031901665900610E+00   0.9486769009248164E-17  -0.1408758027900810E+02
   0.1714285714285717E+00   0.8586294739143280E+00  -0.3265714285714290E+00   0.3031901665900610E+00   0.1111307226797642E-16  -0.1408758027899470E+02
   0.1785714285714284E+00   0.8593582575665790E+00  -0.3401785714285710E+00   0.3031901665900610E+00   0.3089976191583688E-16  -0.1408758027893240E+02
   0.1857142857142856E+00   0.8601069841447960E+00  -0.3537857142857140E+00   0.3031901665900610E+00  -0.4727121472036799E-16  -0.1408758027887630E+02
   0.1928571428571428E+00   0.8608734060259450E+00  -0.3673928571428570E+00   0.3031901665900610E+00  -0.1951563910473908E-16  -0.1408758027881950E+02
   0.2000000000000000E+00   0.8616551504301130E+00  -0.3810000000000000E+00   0.3031901665900610E+00   0.2656295322589486E-17  -0.1408758027877260E+02
   0.2071428571428572E+00   0.8624502893480560E+00  -0.3946071428571430E+00   0.3031901665900610E+00  -0.1653408313040394E-16  -0.1408758027868430E+02
   0.2142857142857144E+00   0.8632568128699160E+00  -0.4082142857142860E+00   0.3031901665900610E+00   0.2206351421008002E-16  -0.1408758027862620E+02
   0.2214285714285711E+00   0.8640731466071870E+00  -0.4218214285714280E+00   0.3031901665900610E+00  -0.6017322057294550E-17  -0.1408758027853940E+02
   0.2285714285714283E+00   0.8648976408556180E+00  -0.4354285714285710E+00   0.3031901665900610E+00  -0.4147073309757054E-16  -0.1408758027846270E+02
   0.2357142857142855E+00   0.8657290257995850E+00  -0.4490357142857140E+00   0.3031901665900610E+00  -0.1458251921993003E-16  -0.1408758027836260E+02
   0.2428571428571428E+00   0.8665659453064110E+00  -0.4626428571428570E+00   0.3031901665900610E+00  -0.1523304052342134E-16  -0.1408758027829030E+02
   0.2500000000000000E+00   0.8674073880154261E+00  -0.4762500000000000E+00   0.3031901665900610E+00   0.2038300084272748E-16  -0.1408758027821950E+02
   0.2571428571428572E+00   0.8682522849544090E+00  -0.4898571428571430E+00   0.3031901665900610E+00   0.1572093150103981E-16  -0.1408758027820080E+02
   0.2642857142857139E+00   0.8690999000112040E+00  -0.5034642857142850E+00   0.3031901665900610E+00   0.4797594613248357E-16  -0.1408758027819200E+02
   0.2714285714285711E+00   0.8699494298967080E+00  -0.5170714285714280E+00   0.3031901665900610E+00  -0.9649399335120989E-17  -0.1408758027817240E+02
   0.2785714285714284E+00   0.8708003284305370E+00  -0.5306785714285710E+00   0.3031901665900610E+00  -0.2222614453595284E-17  -0.1408758027814980E+02
   0.2857142857142856E+00   0.8716519839742690E+00  -0.5442857142857140E+00   0.3031901665900610E+00   0.1772670552013800E-16  -0.1408758027813990E+02
   0.2928571428571428E+00   0.8725040386172310E+00  -0.5578928571428570E+00   0.3031901665900610E+00  -0.6722053469410127E-17  -0.1408758027810960E+02
   0.3000000000000000E+00   0.8733560568754420E+00  -0.5715000000000000E+00   0.3031901665900610E+00   0.3707971429900425E-16  -0.1408758027808080E+02
   0.3071428571428567E+00   0.8742078131021001E+00  -0.5851071428571420E+00   0.3031901665900610E+00  -0.3854338723185968E-16  -0.1408758027804950E+02
   0.3142857142857139E+00   0.8750590067344610E+00  -0.5987142857142850E+00   0.3031901665900610E+00  -0.4857225732735060E-16  -0.1408758027802920E+02
   0.3214285714285711E+00   0.8759095248088300E+00  -0.6123214285714280E+00   0.3031901665900610E+00  -0.2721347452938616E-16  -0.1408758027798810E+02
   0.3285714285714283E+00   0.8767591826363190E+00  -0.6259285714285709E+00   0.3031901665900610E+00  -0.3127923267620680E-16  -0.1408758027792820E+02
   0.3357142857142856E+00   0.8776079631134260E+00  -0.6395357142857140E+00   0.3031901665900610E+00  -0.1490777987167569E-16  -0.1408758027787920E+02
   0.3428571428571422E+00   0.8784557699322800E+00  -0.6531428571428560E+00   0.3031901665900610E+00  -0.5036119091195168E-16  -0.1408758027785540E+02
   0.3499999999999994E+00   0.8793026566785640E+00  -0.6667499999999990E+00   0.3031901665900610E+00  -0.1106428317021457E-15  -0.1408758027783770E+02
   0.3571428571428567E+00   0.8801486058407429E+00  -0.6803571428571420E+00   0.3031901665900610E+00  -0.4575333167888829E-16  -0.1408758027782920E+02
   0.3642857142857139E+00   0.8809937228863240E+00  -0.6939642857142850E+00   0.3031901665900610E+00   0.3675445364725860E-16  -0.1408758027779760E+02
   0.3714285714285711E+00   0.8818380736087190E+00  -0.7075714285714280E+00   0.3031901665900610E+00   0.2656295322589486E-17  -0.1408758027785140E+02
   0.3785714285714283E+00   0.8826818460869760E+00  -0.7211785714285710E+00   0.3031901665900610E+00  -0.4672911363412524E-16  -0.1408758027784920E+02
   0.3857142857142851E+00   0.8835251419283570E+00  -0.7347857142857130E+00   0.3031901665900610E+00  -0.3388131789017201E-16  -0.1408758027784360E+02
   0.3928571428571422E+00   0.8843681546287540E+00  -0.7483928571428560E+00   0.3031901665900610E+00  -0.8023096076392733E-16  -0.1408758027786370E+02
   0.3999999999999995E+00   0.8852110126113431E+00  -0.7619999999999990E+00   0.3031901665900610E+00  -0.9367506770274758E-16  -0.1408758027787710E+02
   0.4071428571428567E+00   0.8860539385646300E+00  -0.7756071428571421E+00   0.3031901665900610E+00  -0.2125036258071589E-16  -0.1408758027786810E+02
   0.4142857142857139E+00   0.8868970843293790E+00  -0.7892142857142850E+00   0.3031901665900610E+00   0.7892991815694472E-16  -0.1408758027790050E+02
   0.4214285714285712E+00   0.8877406735079920E+00  -0.8028214285714280E+00   0.3031901665900610E+00   0.2439454888092385E-16  -0.1408758027794040E+02
   0.4285714285714278E+00   0.8885848613956460E+00  -0.8164285714285699E+00   0.3031901665900610E+00   0.3480288973678469E-16  -0.1408758027794160E+02
   0.4357142857142851E+00   0.8894298682363750E+00  -0.8300357142857130E+00   0.3031901665900610E+00  -0.5280064580004407E-16  -0.1408758027792470E+02
   0.4428571428571423E+00   0.8902758513300461E+00  -0.8436428571428560E+00   0.3031901665900610E+00  -0.1279358563532895E-16  -0.1408758027795070E+02
   0.4499999999999995E+00   0.8911230267507000E+00  -0.8572499999999990E+00   0.3031901665900610E+00  -0.4358492733391728E-16  -0.1408758027798540E+02
   0.4571428571428567E+00   0.8919715456544020E+00  -0.8708571428571420E+00   0.3031901665900610E+00   0.4228388472693467E-16  -0.1408758027798760E+02
   0.4642857142857134E+00   0.8928216138456220E+00  -0.8844642857142840E+00   0.3031901665900610E+00  -0.8500145032286355E-16  -0.1408758027796720E+02
   0.4714285714285706E+00   0.8936733832632350E+00  -0.8980714285714270E+00   0.3031901665900610E+00  -0.7697835424647081E-17  -0.1408758027803690E+02
   0.4785714285714278E+00   0.8945270465983060E+00  -0.9116785714285700E+00   0.3031901665900610E+00  -0.1864827736675068E-16  -0.1408758027802140E+02
   0.4857142857142850E+00   0.8953827712437470E+00  -0.9252857142857130E+00   0.3031901665900610E+00  -0.1485356976305141E-16  -0.1408758027803560E+02
   0.4928571428571422E+00   0.8962407577922130E+00  -0.9388928571428560E+00   0.3031901665900610E+00  -0.1029992063861229E-16  -0.1408758027805810E+02
   0.4999999999999995E+00   0.8971011368974670E+00  -0.9524999999999990E+00   0.3031901665900610E+00   0.7806255641895632E-16  -0.1408758027805890E+02
   0.5071428571428562E+00   0.8979640839545900E+00  -0.9661071428571411E+00   0.3031901665900610E+00  -0.6082374187643680E-16  -0.1408758027811380E+02
   0.5142857142857133E+00   0.8988297312996170E+00  -0.9797142857142840E+00   0.3031901665900610E+00  -0.7914675859144182E-17  -0.1408758027815120E+02
   0.5214285714285706E+00   0.8996982485698410E+00  -0.9933214285714270E+00   0.3031901665900610E+00  -0.7665309359472516E-16  -0.1408758027815940E+02
   0.5285714285714278E+00   0.9005697801474710E+00  -0.1006928571428570E+01   0.3031901665900610E+00  -0.3328500669530499E-16  -0.1408758027818520E+02
   0.5357142857142835E+00   0.9014444754119720E+00  -0.1020535714285710E+01   0.3031901665900610E+00   0.6288372600415926E-17  -0.1408758027818470E+02
   0.5428571428571443E+00   0.9023224261182410E+00  -0.1034142857142860E+01   0.3031901665900610E+00  -0.6201636426617085E-16  -0.1408758027822650E+02
   0.5499999999999999E+00   0.9032037682234680E+00  -0.1047750000000000E+01   0.3031901665900610E+00  -0.1626303258728257E-17  -0.1408758027827200E+02
   0.5571428571428556E+00   0.9040885878860220E+00  -0.1061357142857140E+01   0.3031901665900610E+00  -0.4217546450968612E-16  -0.1408758027826990E+02
   0.5642857142857113E+00   0.9049769901664780E+00  -0.1074964285714280E+01   0.3031901665900610E+00  -0.1241411487495903E-15  -0.1408758027827410E+02
   0.5714285714285722E+00   0.9058690454827770E+00  -0.1088571428571430E+01   0.3031901665900610E+00  -0.1886511780124778E-16  -0.1408758027833440E+02
   0.5785714285714277E+00   0.9067648383985230E+00  -0.1102178571428570E+01   0.3031901665900610E+00  -0.1330316065639714E-15  -0.1408758027834080E+02
   0.5857142857142834E+00   0.9076644203572680E+00  -0.1115785714285710E+01   0.3031901665900610E+00   0.9497611030973019E-16  -0.1408758027831950E+02
   0.5928571428571443E+00   0.9085678595393490E+00  -0.1129392857142860E+01   0.3031901665900610E+00  -0.1301042606982605E-17  -0.1408758027835300E+02
   0.6000000000000000E+00   0.9094751916854200E+00  -0.1143000000000000E+01   0.3031901665900610E+00  -0.9844555726168380E-16  -0.1408758027836260E+02
   0.6071428571428557E+00   0.9103864688024360E+00  -0.1156607142857140E+01   0.3031901665900610E+00  -0.4347650711666873E-16  -0.1408758027833740E+02
   0.6142857142857113E+00   0.9113017141996390E+00  -0.1170214285714280E+01   0.3031901665900610E+00  -0.1084202172485504E-18  -0.1408758027835460E+02
   0.6214285714285721E+00   0.9122209595349560E+00  -0.1183821428571430E+01   0.3031901665900610E+00   0.8565197162635485E-17  -0.1408758027834180E+02
   0.6285714285714278E+00   0.9131442225550720E+00  -0.1197428571428570E+01   0.3031901665900610E+00  -0.3118165448068311E-15  -0.1408758027834220E+02
   0.6357142857142835E+00   0.9140715433234520E+00  -0.1211035714285710E+01   0.3031901665900610E+00   0.9486769009248164E-16  -0.1408758027836900E+02
   0.6428571428571391E+00   0.9150029394671730E+00  -0.1224642857142850E+01   0.3031901665900610E+00   0.4336808689942018E-18  -0.1408758027837840E+02
   0.6500000000000000E+00   0.9159384199764320E+00  -0.1238250000000000E+01   0.3031901665900610E+00  -0.2851451713636877E-16  -0.1408758027834860E+02
   0.6571428571428556E+00   0.9168779666582650E+00  -0.1251857142857140E+01   0.3031901665900610E+00   0.1870248747537495E-15  -0.1408758027836410E+02
   0.6642857142857113E+00   0.9178215822740760E+00  -0.1265464285714280E+01   0.3031901665900610E+00   0.9671083378570700E-16  -0.1408758027837430E+02
   0.6714285714285722E+00   0.9187692365860100E+00  -0.1279071428571430E+01   0.3031901665900610E+00   0.1285863776567808E-15  -0.1408758027836200E+02
   0.6785714285714278E+00   0.9197209083987740E+00  -0.1292678571428570E+01   0.3031901665900610E+00  -0.2417770844642675E-16  -0.1408758027835280E+02
   0.6857142857142835E+00   0.9206765596026930E+00  -0.1306285714285710E+01   0.3031901665900610E+00  -0.1487525380650112E-15  -0.1408758027835460E+02
   0.6928571428571392E+00   0.9216361523916980E+00  -0.1319892857142850E+01   0.3031901665900610E+00  -0.1308632022190004E-15  -0.1408758027834550E+02
   0.7000000000000000E+00   0.9225996304888290E+00  -0.1333500000000000E+01   0.3031901665900610E+00   0.2602085213965211E-16  -0.1408758027835120E+02
   0.7071428571428556E+00   0.9235669419958630E+00  -0.1347107142857140E+01   0.3031901665900610E+00   0.2634611279139776E-16  -0.1408758027835980E+02
   0.7142857142857113E+00   0.9245380189457030E+00  -0.1360714285714280E+01   0.3031901665900610E+00  -0.1679429165180046E-15  -0.1408758027833940E+02
   0.7214285714285722E+00   0.9255128033867870E+00  -0.1374321428571430E+01   0.3031901665900610E+00   0.2114194236346734E-16  -0.1408758027832650E+02
   0.7285714285714279E+00   0.9264912182609720E+00  -0.1387928571428570E+01   0.3031901665900610E+00  -0.5095750210681871E-17  -0.1408758027833020E+02
   0.7357142857142835E+00   0.9274731834599890E+00  -0.1401535714285710E+01   0.3031901665900610E+00   0.1201296007113939E-15  -0.1408758027829180E+02
   0.7428571428571391E+00   0.9284586206643110E+00  -0.1415142857142850E+01   0.3031901665900610E+00  -0.2582569574860472E-15  -0.1408758027827710E+02
   0.7500000000000000E+00   0.9294474641185519E+00  -0.1428750000000000E+01   0.3031901665900610E+00   0.1843143693225358E-16  -0.1408758027829660E+02
   0.7571428571428557E+00   0.9304396177590960E+00  -0.1442357142857140E+01   0.3031901665900610E+00  -0.3263448539181368E-16  -0.1408758027829760E+02
   0.7642857142857113E+00   0.9314349782342630E+00  -0.1455964285714280E+01   0.3031901665900610E+00  -0.1255506115738214E-15  -0.1408758027829980E+02
   0.7714285714285722E+00   0.9324334382696390E+00  -0.1469571428571430E+01   0.3031901665900610E+00  -0.1084202172485504E-17  -0.1408758027832970E+02
   0.7785714285714278E+00   0.9334349000958410E+00  -0.1483178571428570E+01   0.3031901665900610E+00  -0.6516055056637882E-16  -0.1408758027833430E+02
   0.7857142857142835E+00   0.9344392572826929E+00  -0.1496785714285710E+01   0.3031901665900610E+00  -0.7025630077706069E-16  -0.1408758027831110E+02
   0.7928571428571444E+00   0.9354464025883780E+00  -0.1510392857142860E+01   0.3031901665900610E+00   0.2406928822917820E-16  -0.1408758027831400E+02
   0.8000000000000000E+00   0.9364562148463150E+00  -0.1524000000000000E+01   0.3031901665900610E+00  -0.1175275154974287E-15  -0.1408758027834750E+02
   0.8071428571428557E+00   0.9374685721389550E+00  -0.1537607142857140E+01   0.3031901665900610E+00   0.2656295322589486E-16  -0.1408758027832270E+02
   0.8142857142857113E+00   0.9384833447171950E+00  -0.1551214285714280E+01   0.3031901665900610E+00  -0.8174884380540703E-16  -0.1408758027833280E+02
   0.8214285714285722E+00   0.9395004020654451E+00  -0.1564821428571430E+01   0.3031901665900610E+00  -0.3741581697247476E-15  -0.1408758027834300E+02
   0.8285714285714277E+00   0.9405196112246030E+00  -0.1578428571428570E+01   0.3031901665900610E+00   0.3404394821604484E-16  -0.1408758027829180E+02
   0.8357142857142834E+00   0.9415408405992800E+00  -0.1592035714285710E+01   0.3031901665900610E+00  -0.1045170894276026E-15  -0.1408758027825590E+02
   0.8428571428571444E+00   0.9425639358226749E+00  -0.1605642857142860E+01   0.3031901665900610E+00  -0.1360673726469308E-15  -0.1408758027825970E+02
   0.8500000000000000E+00   0.9435887444657620E+00  -0.1619250000000000E+01   0.3031901665900610E+00   0.2569559148790646E-16  -0.1408758027826350E+02
   0.8571428571428555E+00   0.9446151087249079E+00  -0.1632857142857140E+01   0.3031901665900610E+00   0.8012254054667878E-16  -0.1408758027824380E+02
   0.8642857142857164E+00   0.9456428757300800E+00  -0.1646464285714290E+01   0.3031901665900610E+00  -0.2557632924893305E-15  -0.1408758027824380E+02
   0.8714285714285721E+00   0.9466718729898920E+00  -0.1660071428571430E+01   0.3031901665900610E+00  -0.8727827488508311E-16  -0.1408758027826660E+02
   0.8785714285714278E+00   0.9477019087428959E+00  -0.1673678571428570E+01   0.3031901665900610E+00  -0.8315830662963819E-16  -0.1408758027822500E+02
   0.8857142857142835E+00   0.9487327704139850E+00  -0.1687285714285710E+01   0.3031901665900610E+00   0.4011548038196366E-17  -0.1408758027819270E+02
   0.8928571428571443E+00   0.9497642776529890E+00  -0.1700892857142860E+01   0.3031901665900610E+00   0.7209944447028604E-16  -0.1408758027818960E+02
   0.8999999999999999E+00   0.9507962371409030E+00  -0.1714500000000000E+01   0.3031901665900610E+00   0.2710505431213761E-16  -0.1408758027822480E+02
   0.9071428571428556E+00   0.9518284030401361E+00  -0.1728107142857140E+01   0.3031901665900610E+00   0.1536314478411960E-15  -0.1408758027822100E+02
   0.9142857142857165E+00   0.9528605218461110E+00  -0.1741714285714290E+01   0.3031901665900610E+00   0.1735807678149293E-15  -0.1408758027823350E+02
   0.9214285714285722E+00   0.9538923311353810E+00  -0.1755321428571430E+01   0.3031901665900610E+00  -0.2984808580852594E-15  -0.1408758027822680E+02
   0.9285714285714278E+00   0.9549235586656640E+00  -0.1768928571428570E+01   0.3031901665900610E+00   0.2287666583944414E-16  -0.1408758027820470E+02
   0.9357142857142834E+00   0.9559539045934320E+00  -0.1782535714285710E+01   0.3031901665900610E+00   0.9822871682718670E-16  -0.1408758027824350E+02
   0.9428571428571443E+00   0.9569830527761820E+00  -0.1796142857142860E+01   0.3031901665900610E+00   0.7415942859800850E-16  -0.1408758027826640E+02
   0.9500000000000000E+00   0.9580106489408630E+00  -0.1809750000000000E+01   0.3031901665900610E+00  -0.2154309716728697E-15  -0.1408758027826430E+02
   0.9571428571428556E+00   0.9590362928402960E+00  -0.1823357142857140E+01   0.3031901665900610E+00  -0.8229094489164979E-16  -0.1408758027830900E+02
   0.9642857142857165E+00   0.9600595555819870E+00  -0.1836964285714290E+01   0.3031901665900610E+00   0.1540651287101902E-15  -0.1408758027831440E+02
   0.9714285714285722E+00   0.9610799658499540E+00  -0.1850571428571430E+01   0.3031901665900610E+00  -0.2049142105997603E-15  -0.1408758027828940E+02
   0.9785714285714278E+00   0.9620971136643270E+00  -0.1864178571428570E+01   0.3031901665900610E+00  -0.3046608104684267E-16  -0.1408758027827810E+02
   0.9857142857142887E+00   0.9631105114039730E+00  -0.1877785714285720E+01   0.3031901665900610E+00   0.1077696959450591E-15  -0.1408758027827110E+02
   0.9928571428571443E+00   0.9641214368970850E+00  -0.1891392857142860E+01   0.3031901665900610E+00   0.8890457814381136E-17  -0.1408758027820950E+02
   0.1000000000000000E+01   0.9651335821863340E+00  -0.1905000000000000E+01   0.3031901665900610E+00   0.5659535340374333E-16  -0.1408758027838230E+02
