              nu/v [m^-1]         E_r/v [V s /m^2]                 N_theta                   N_zeta                     N_xi                     D_11                     D_31                     D_13                     D_33             D_33_Spitzer      Wall-clock time [s]             CPU time [s] 
   0.1000000000000000E-04   0.0000000000000000E+00   0.3100000000000000E+02   0.6100000000000000E+02   0.1600000000000000E+03   0.3007298200147747E+00   0.1185574553663057E+00  -0.1184232130092805E+00   0.3186654897501347E+05   0.6690666475369281E+05   0.8159999999999999E+02   0.6432426400000001E+03
   0.3000000000000000E-04   0.0000000000000000E+00   0.3100000000000000E+02   0.6100000000000000E+02   0.1600000000000000E+03   0.1009163655147945E+00   0.8563757529907930E-01  -0.8553770191397532E-01   0.1089871125883956E+05   0.2230222158456426E+05   0.6147900000000000E+02   0.4828257259999999E+03
   0.1000000000000000E-03   0.0000000000000000E+00   0.3100000000000000E+02   0.6100000000000000E+02   0.1600000000000000E+03   0.3080987503090709E-01   0.1725239328479392E-01  -0.1723945380587328E-01   0.3391610302832496E+04   0.6690666475369280E+04   0.5612300000000000E+02   0.4416159980000000E+03
   0.3000000000000000E-03   0.0000000000000000E+00   0.3100000000000000E+02   0.6100000000000000E+02   0.1600000000000000E+03   0.1059063043465013E-01  -0.2263033792920274E-01   0.2263045398516645E-01   0.1185766493654775E+04   0.2230222158456427E+04   0.6050700000000000E+02   0.4757486789999998E+03
   0.1000000000000000E-02   0.0000000000000000E+00   0.3100000000000000E+02   0.6100000000000000E+02   0.1600000000000000E+03   0.3538219565235942E-02  -0.1851447665151074E-01   0.1851443756625212E-01   0.3849647130538342E+03   0.6690666475369280E+03   0.5466400000000000E+02   0.4302445250000003E+03
   0.3000000000000000E-02   0.0000000000000000E+00   0.3100000000000000E+02   0.6100000000000000E+02   0.1600000000000000E+03   0.1782756554115397E-02  -0.1374735841601824E-01   0.1374733552478955E-01   0.1418233105405262E+03   0.2230222158456427E+03   0.5576700000000000E+02   0.4381253729999999E+03
   0.1000000000000000E-01   0.0000000000000000E+00   0.3100000000000000E+02   0.6100000000000000E+02   0.1600000000000000E+03   0.1786401552359505E-02  -0.1323569446965914E-01   0.1323568138976264E-01   0.4927562831198377E+02   0.6690666475369281E+02   0.5971000000000000E+02   0.4694537070000001E+03
   0.3000000000000000E-01   0.0000000000000000E+00   0.3100000000000000E+02   0.6100000000000000E+02   0.1600000000000000E+03   0.2707183492089174E-02  -0.1091060616076810E-01   0.1091059952515970E-01   0.1917718075731006E+02   0.2230222158456427E+02   0.5488000000000000E+02   0.4322320900000000E+03
   0.1000000000000000E+00   0.0000000000000000E+00   0.3100000000000000E+02   0.6100000000000000E+02   0.1600000000000000E+03   0.5135210595253317E-02  -0.4011610841679334E-02   0.4011606990196679E-02   0.6399494231548158E+01   0.6690666475369280E+01   0.5545600000000000E+02   0.4367292680000000E+03
   0.3000000000000000E+00   0.0000000000000000E+00   0.3100000000000000E+02   0.6100000000000000E+02   0.1600000000000000E+03   0.1217698636947364E-01  -0.7098409234493784E-03   0.7098377335992001E-03   0.2211766309969813E+01   0.2230222158456427E+01   0.5610300000000000E+02   0.4418722359999992E+03
   0.1000000000000000E-04   0.3000000000000000E-03   0.3100000000000000E+02   0.6100000000000000E+02   0.1600000000000000E+03   0.1335446802104382E-01   0.2398855281248542E+00  -0.2398695006147942E+00   0.3191981915082242E+05   0.6690666475369281E+05   0.6222600000000000E+02   0.4895412569999999E+03
   0.3000000000000000E-04   0.3000000000000000E-03   0.3100000000000000E+02   0.6100000000000000E+02   0.1600000000000000E+03   0.2245723979821115E-01   0.2821029109276673E+00  -0.2820511283385120E+00   0.1091056008376117E+05   0.2230222158456426E+05   0.6016000000000000E+02   0.4736260929999999E+03
   0.1000000000000000E-03   0.3000000000000000E-03   0.3100000000000000E+02   0.6100000000000000E+02   0.1600000000000000E+03   0.2222194948544904E-01   0.1021236063608102E+00  -0.1021125292005797E+00   0.3395218433380925E+04   0.6690666475369280E+04   0.5545800000000000E+02   0.4366456730000000E+03
   0.3000000000000000E-03   0.3000000000000000E-03   0.3100000000000000E+02   0.6100000000000000E+02   0.1600000000000000E+03   0.1010320579933318E-01  -0.1170394158766707E-01   0.1170417519287711E-01   0.1186287484601417E+04   0.2230222158456427E+04   0.5434800000000000E+02   0.4281145280000001E+03
   0.1000000000000000E-02   0.3000000000000000E-03   0.3100000000000000E+02   0.6100000000000000E+02   0.1600000000000000E+03   0.3522139220055546E-02  -0.1790018951541651E-01   0.1790016814152267E-01   0.3849981650480141E+03   0.6690666475369280E+03   0.5590500000000000E+02   0.4401165979999996E+03
   0.3000000000000000E-02   0.3000000000000000E-03   0.3100000000000000E+02   0.6100000000000000E+02   0.1600000000000000E+03   0.1782122851381858E-02  -0.1371046592991022E-01   0.1371044415352995E-01   0.1418256667412629E+03   0.2230222158456427E+03   0.6095300000000000E+02   0.4690461909999995E+03
   0.1000000000000000E-01   0.3000000000000000E-03   0.3100000000000000E+02   0.6100000000000000E+02   0.1600000000000000E+03   0.1786442368978656E-02  -0.1323404768011871E-01   0.1323403453139523E-01   0.4927575245243249E+02   0.6690666475369281E+02   0.7129100000000000E+02   0.5321868010000007E+03
   0.3000000000000000E-01   0.3000000000000000E-03   0.3100000000000000E+02   0.6100000000000000E+02   0.1600000000000000E+03   0.2707242491581015E-02  -0.1091051963242272E-01   0.1091051295536516E-01   0.1917718579643106E+02   0.2230222158456427E+02   0.5420500000000000E+02   0.4268005270000003E+03
   0.1000000000000000E+00   0.3000000000000000E-03   0.3100000000000000E+02   0.6100000000000000E+02   0.1600000000000000E+03   0.5135210665069144E-02  -0.4011637969382844E-02   0.4011634430252816E-02   0.6399494330184866E+01   0.6690666475369280E+01   0.5476000000000000E+02   0.4311001980000001E+03
   0.3000000000000000E+00   0.3000000000000000E-03   0.3100000000000000E+02   0.6100000000000000E+02   0.1600000000000000E+03   0.1217360718991862E-01  -0.7099708961068516E-03   0.7099690880423652E-03   0.2211766313174596E+01   0.2230222158456427E+01   0.5575400000000000E+02   0.4391349940000000E+03
