  *** Flux-surface parameters 
      s =   0.20000000000000001     
      Number of periods =            5
      psi_p =   0.57583991914070121     
      chi_p =   0.50405448889555027     
      iota =   0.87533787106619332     
      B00 =    2.7153533343697931     
      B_theta =    1.9548165169913615E-017
      B_zeta =   -15.829375129826543     
      B00/(B_zeta+iota*B_theta) =  -0.17153888337976028     
  *** Stellarator parameters 
      Aspect_ratio =    11.094685675497351     
      Minor_Radius =   0.49441695148839732     
      Major_Radius =    5.4854006694013906     

  *** Magnetic field strength Fourier modes 
                        m                        n                     B_mn                 B_mn/B00
                        0                        0   0.2715353334369793E+01   0.1000000000000000E+01
                        0                        1   0.2676726935293444E+00   0.9857748166371454E-01
                        0                        2   0.2011476303365832E-01   0.7407788437347791E-02
                        0                        3   0.1735376625310602E-02   0.6390979042561198E-03
                        0                        4   0.6468753464539435E-02   0.2382287926459033E-02
                        0                        5   0.2936966410761334E-02   0.1081614821020328E-02
                        0                        6   0.3291920626358643E-03   0.1212336009715901E-03
                        0                        7  -0.1076750419199439E-04  -0.3965415497019809E-05
                        0                        8   0.1160075755497834E-04   0.4272282876832588E-05
                        0                        9   0.7894881557473629E-05   0.2907496957225993E-05
                        0                       10   0.3488365373503969E-05   0.1284681934151890E-05
                        0                       11   0.1443808231978963E-06   0.5317202051401007E-07
                        0                       12  -0.7151342044516790E-08  -0.2633669052936180E-08
                        0                       13  -0.8231528815826991E-07  -0.3031476129325706E-07
                        0                       14  -0.6083183009311469E-07  -0.2240291505460123E-07
                        0                       15  -0.2450328787603243E-08  -0.9023977677556796E-09
                        0                       16   0.1689065874468670E-08   0.6220427570471912E-09
                        0                       17  -0.2832858817360464E-08  -0.1043274472424394E-08
                        0                       18  -0.2056780671194636E-08  -0.7574633640347194E-09
                        1                      -18  -0.2193540939165784E-11  -0.8078289154493711E-12
                        1                      -17   0.2912495268070142E-08   0.1072602681649202E-08
                        1                      -16   0.5377355229054112E-08   0.1980351934678197E-08
                        1                      -15   0.1982658727288155E-08   0.7301660164047530E-09
                        1                      -14  -0.1865832158693977E-08  -0.6871415719925149E-09
                        1                      -13   0.1271194804541834E-06   0.4681507885001882E-07
                        1                      -12   0.1360743737259767E-06   0.5011295289036785E-07
                        1                      -11   0.3246886985987729E-06   0.1195751191894627E-06
                        1                      -10   0.2656660157310399E-06   0.9783846999517591E-07
                        1                       -9   0.1469525891115875E-06   0.5411914068475871E-07
                        1                       -8   0.7160199388715267E-05   0.2636931001974769E-05
                        1                       -7   0.1083730496124083E-04   0.3991121458878597E-05
                        1                       -6   0.2232168826897505E-03   0.8220546470485653E-04
                        1                       -5   0.4319675920942107E-03   0.1590833821243622E-03
                        1                       -4   0.7561931532282718E-03   0.2784879388095461E-03
                        1                       -3  -0.4052505877531482E-04  -0.1492441453654144E-04
                        1                       -2   0.6095380345852201E-02   0.2244783494177151E-02
                        1                       -1   0.1002578715778356E-01   0.3692258768272030E-02
                        1                        0  -0.2922226510679850E-01  -0.1076186466671407E-01
                        1                        1  -0.1072441030216355E+00  -0.3949545043150923E-01
                        1                        2  -0.1442919582968218E-01  -0.5313929368617899E-02
                        1                        3  -0.5188089358949505E-02  -0.1910649819778836E-02
                        1                        4  -0.1447176619861269E-03  -0.5329607022200463E-04
                        1                        5  -0.1638161109872311E-02  -0.6032957439229589E-03
                        1                        6  -0.7626896394920027E-03  -0.2808804400658287E-03
                        1                        7  -0.1628508487477678E-03  -0.5997409128545841E-04
                        1                        8  -0.1534647149988057E-04  -0.5651740164210465E-05
                        1                        9  -0.8623744015409414E-05  -0.3175919651506753E-05
                        1                       10  -0.4975578342459962E-05  -0.1832387070765781E-05
                        1                       11  -0.1525776760986035E-05  -0.5619072632918150E-06
                        1                       12  -0.2188936225879857E-06  -0.8061331091512948E-07
                        1                       13  -0.1202121587827649E-06  -0.4427127669212337E-07
                        1                       14  -0.3357818326564175E-07  -0.1236604564150946E-07
                        1                       15  -0.4411142754926991E-08  -0.1624518879032284E-08
                        1                       16  -0.1931843654718669E-08  -0.7114520347190952E-09
                        1                       17  -0.2791962792493117E-08  -0.1028213439906194E-08
                        1                       18  -0.2195234358875798E-11  -0.8084525616204163E-12
                        2                      -18   0.1338846286249445E-08   0.4930652189175146E-09
                        2                      -17   0.2267984891505398E-08   0.8352448511205540E-09
                        2                      -16   0.1423035727166468E-08   0.5240701860617124E-09
                        2                      -15   0.7200765984554432E-08   0.2651870713623227E-08
                        2                      -14   0.5148134521080512E-07   0.1895935404029230E-07
                        2                      -13   0.1080114262700388E-06   0.3977803731944418E-07
                        2                      -12   0.2552784286048280E-07   0.9401296891038881E-08
                        2                      -11  -0.8756194343871298E-07  -0.3224697954788829E-07
                        2                      -10  -0.3101148082759964E-06  -0.1142079022831741E-06
                        2                       -9  -0.1095934455491594E-05  -0.4036065736343479E-06
                        2                       -8   0.4699056140221421E-05   0.1730550525687673E-05
                        2                       -7   0.4018960818571236E-05   0.1480087606905860E-05
                        2                       -6  -0.8239678283311879E-04  -0.3034477384220138E-04
                        2                       -5  -0.3074955638337914E-03  -0.1132432969004964E-03
                        2                       -4   0.3965629488464247E-03   0.1460446947463149E-03
                        2                       -3   0.5911326775511140E-03   0.2177000945213305E-03
                        2                       -2   0.1044155525984887E-03   0.3845376263812186E-04
                        2                       -1  -0.2039350593394790E-02  -0.7510442812659236E-03
                        2                        0  -0.4983830595832400E-02  -0.1835426179256004E-02
                        2                        1   0.4865073631914409E-02   0.1791690816194845E-02
                        2                        2   0.2721266049399523E-02   0.1002177512206198E-02
                        2                        3   0.2049658328942386E-02   0.7548403749149985E-03
                        2                        4   0.7542410308568328E-03   0.2777690186061494E-03
                        2                        5   0.1012251090005260E-02   0.3727879820252539E-03
                        2                        6   0.3591448393625400E-03   0.1322644956796733E-03
                        2                        7   0.1231222779865923E-03   0.4534300432586900E-04
                        2                        8   0.2776514293930568E-04   0.1022524125603333E-04
                        2                        9   0.3406670843840047E-05   0.1254595783436303E-05
                        2                       10   0.2863368440774570E-05   0.1054510440512940E-05
                        2                       11   0.8626226955233541E-06   0.3176834059143026E-06
                        2                       12   0.1334071705613401E-06   0.4913068545177107E-07
                        2                       13  -0.1694916410222241E-06  -0.6241973701060212E-07
                        2                       14  -0.3133419970224882E-07  -0.1153963990823359E-07
                        2                       15   0.5970138963354806E-09   0.2198660074100602E-09
                        2                       16   0.4827236020658259E-08   0.1777756124610801E-08
                        2                       17   0.5094423539400361E-09   0.1876154927948899E-09
                        2                       18   0.1338846303596680E-08   0.4930652253060882E-09
                        3                      -18  -0.1524661990496418E-08  -0.5614967198551627E-09
                        3                      -17  -0.8452670027780375E-08  -0.3112917173905162E-08
                        3                      -16  -0.1060248024616300E-07  -0.3904641105804279E-08
                        3                      -15  -0.1103010346537991E-07  -0.4062124558806225E-08
                        3                      -14  -0.1411039736745624E-07  -0.5196523483280353E-08
                        3                      -13  -0.1204097902263949E-06  -0.4434405964862794E-07
                        3                      -12  -0.3521674643386006E-07  -0.1296948945395113E-07
                        3                      -11  -0.1326262845042885E-07  -0.4884310370424399E-08
                        3                      -10   0.5599908626472954E-07   0.2062313053550594E-07
                        3                       -9  -0.3203595891268784E-06  -0.1179808112159483E-06
                        3                       -8  -0.2818800216181954E-05  -0.1038097024244607E-05
                        3                       -7   0.6079398999426663E-06   0.2238897944689630E-06
                        3                       -6  -0.4989345493661814E-05  -0.1837457184856494E-05
                        3                       -5  -0.5826280875636337E-04  -0.2145680564621090E-04
                        3                       -4  -0.1714878463978777E-03  -0.6315489193515155E-04
                        3                       -3  -0.2792515569145133E-04  -0.1028417014389492E-04
                        3                       -2  -0.2791638897245876E-03  -0.1028094156996253E-03
                        3                       -1  -0.4759141593661776E-03  -0.1752678567986927E-03
                        3                        0   0.3223558798339437E-03   0.1187159975660255E-03
                        3                        1   0.1820798317952910E-02   0.6705566803796822E-03
                        3                        2  -0.3163732534731967E-02  -0.1165127386807006E-02
                        3                        3   0.9506025288454908E-03   0.3500842843593010E-03
                        3                        4  -0.3659252444172756E-03  -0.1347615574686170E-03
                        3                        5  -0.4537527837667302E-03  -0.1671063496685015E-03
                        3                        6  -0.1288868860116676E-03  -0.4746597224761580E-04
                        3                        7  -0.6642800413891605E-04  -0.2446385275098401E-04
                        3                        8  -0.1302205813983305E-05  -0.4795714051282148E-06
                        3                        9   0.1218376804215854E-05   0.4486991761971294E-06
                        3                       10   0.9326720110844078E-07   0.3434809014646603E-07
                        3                       11  -0.4188661102135318E-06  -0.1542584181998349E-06
                        3                       12   0.9667173476289527E-07   0.3560189885392276E-07
                        3                       13  -0.4346695749731417E-06  -0.1600784581038785E-06
                        3                       14  -0.9507953272570115E-08  -0.3501552874251195E-08
                        3                       15  -0.2276592452806164E-07  -0.8384148110634520E-08
                        3                       16  -0.5544963492724962E-08  -0.2042078068639967E-08
                        3                       17  -0.2418712513489252E-08  -0.8907542465557661E-09
                        3                       18  -0.1524662420846617E-08  -0.5614968783428977E-09
                        4                      -18   0.9795552170614728E-09   0.3607468702738157E-09
                        4                      -17   0.3307278501961212E-08   0.1217991949739682E-08
                        4                      -16   0.7823257512337469E-08   0.2881119526256118E-08
                        4                      -15   0.1586176924971826E-07   0.5841512059939565E-08
                        4                      -14  -0.5130269128612976E-07  -0.1889356005230038E-07
                        4                      -13  -0.9331078881268548E-07  -0.3436414246042937E-07
                        4                      -12  -0.1720987549610423E-07  -0.6337987501762261E-08
                        4                      -11  -0.9742853801349085E-08  -0.3588061147707065E-08
                        4                      -10  -0.1539202584253976E-07  -0.5668516744290333E-08
                        4                       -9  -0.3947078540335738E-08  -0.1453615074832173E-08
                        4                       -8  -0.3861832345975737E-06  -0.1422220930548632E-06
                        4                       -7  -0.4063688221691424E-06  -0.1496559644837001E-06
                        4                       -6   0.1589540212758315E-05   0.5853898248300095E-06
                        4                       -5   0.3988707320908938E-05   0.1468945963835192E-05
                        4                       -4  -0.5179667644713264E-04  -0.1907548302886119E-04
                        4                       -3  -0.1876032195255597E-04  -0.6908980026685940E-05
                        4                       -2  -0.7541678608589912E-05  -0.2777420718375961E-05
                        4                       -1  -0.7076784304908376E-04  -0.2606211212122355E-04
                        4                        0   0.2196174720465549E-03   0.8087988744106703E-04
                        4                        1  -0.9359237543236516E-04  -0.3446784410990367E-04
                        4                        2  -0.2919545294289555E-03  -0.1075199038495354E-03
                        4                        3  -0.4093687556306995E-03  -0.1507607685707355E-03
                        4                        4  -0.8599030707870593E-05  -0.3166818328586450E-05
                        4                        5   0.7718078065598874E-04   0.2842384439589024E-04
                        4                        6   0.6639974396963005E-04   0.2445344520330750E-04
                        4                        7   0.4646936164150025E-05   0.1711355979102636E-05
                        4                        8  -0.1966015490687461E-05  -0.7240367085205705E-06
                        4                        9  -0.5816262750407262E-05  -0.2141991127558786E-05
                        4                       10  -0.1491503046248592E-05  -0.5492850699648469E-06
                        4                       11  -0.1957152281823520E-06  -0.7207725996652867E-07
                        4                       12  -0.8665749588916259E-07  -0.3191389304378502E-07
                        4                       13   0.2724237844484495E-06   0.1003271953598910E-06
                        4                       14   0.1249922562335877E-06   0.4603167280349435E-07
                        4                       15   0.2223057007534905E-07   0.8186989808642544E-08
                        4                       16   0.1102568129457301E-07   0.4060495978558151E-08
                        4                       17   0.4406716528394544E-08   0.1622888805157028E-08
                        4                       18   0.9795551431362319E-09   0.3607468430489092E-09
                        5                      -18  -0.1648564060680035E-08  -0.6071269030859481E-09
                        5                      -17  -0.2132818331353810E-08  -0.7854662243611166E-09
                        5                      -16  -0.3956922023808485E-08  -0.1457240195492587E-08
                        5                      -15  -0.1988707667154953E-07  -0.7323936969759085E-08
                        5                      -14  -0.2114527620904377E-07  -0.7787301910729559E-08
                        5                      -13   0.2553783425153869E-06   0.9404976482541550E-07
                        5                      -12  -0.2776321319330207E-07  -0.1022453057651359E-07
                        5                      -11   0.7714284684353173E-08   0.2840987427569378E-08
                        5                      -10   0.3296846861085143E-08   0.1214150224707426E-08
                        5                       -9  -0.2042309844914869E-07  -0.7521341031622572E-08
                        5                       -8   0.2691637382927827E-07   0.9912659795902877E-08
                        5                       -7  -0.1422165041159060E-06  -0.5237495331299603E-07
                        5                       -6   0.2155234057118690E-06   0.7937214026029871E-07
                        5                       -5  -0.5886527549733318E-07  -0.2167867980650674E-07
                        5                       -4   0.2504904673042031E-05   0.9224967673031748E-06
                        5                       -3  -0.1107735237541982E-04  -0.4079525207716942E-05
                        5                       -2   0.9768862798651469E-05   0.3597639642326226E-05
                        5                       -1   0.3119002546721502E-04   0.1148654396922304E-04
                        5                        0   0.2544732658069148E-04   0.9371644661705715E-05
                        5                        1  -0.1544900395814537E-04  -0.5689500428028433E-05
                        5                        2  -0.8866392490506522E-04  -0.3265281309168674E-04
                        5                        3  -0.1676189209831031E-03  -0.6173005879619927E-04
                        5                        4  -0.5148624443999566E-04  -0.1896115830978774E-04
                        5                        5  -0.1825844203222036E-05  -0.6724149598180365E-06
                        5                        6   0.4204604089252641E-05   0.1548455604665714E-05
                        5                        7   0.5481048888694559E-05   0.2018539841322955E-05
                        5                        8   0.8664074726643228E-06   0.3190772492469779E-06
                        5                        9   0.3461364268373505E-05   0.1274738069834604E-05
                        5                       10   0.2130038700888582E-05   0.7844425526237980E-06
                        5                       11   0.4511151030976733E-06   0.1661349546623083E-06
                        5                       12   0.1012831113814724E-06   0.3730015909880811E-07
                        5                       13   0.1171669736751621E-06   0.4314980750096577E-07
                        5                       14   0.3514063511359022E-07   0.1294145946635929E-07
                        5                       15  -0.2514833706943683E-08  -0.9261533941502134E-09
                        5                       16  -0.4257442721816153E-08  -0.1567914815330751E-08
                        5                       17  -0.2390930999608687E-08  -0.8805229762717412E-09
                        5                       18  -0.1648564352009496E-08  -0.6071270103756539E-09
                        6                      -18   0.1061732482227767E-08   0.3910108009844638E-09
                        6                      -17   0.7762686883505609E-08   0.2858812805408712E-08
                        6                      -16   0.6551877547253543E-08   0.2412900547535619E-08
                        6                      -15   0.1319096009167906E-07   0.4857916619805412E-08
                        6                      -14   0.2488352497086562E-06   0.9164009948871291E-07
                        6                      -13   0.3968748687101111E-06   0.1461595674075403E-06
                        6                      -12   0.5581083414583020E-07   0.2055380176104534E-07
                        6                      -11   0.2601927464423050E-07   0.9582279519534175E-08
                        6                      -10   0.3421844390684633E-07   0.1260183839566061E-07
                        6                       -9   0.6505307784487206E-08   0.2395750012400145E-08
                        6                       -8   0.6875407445262533E-08   0.2532048908050579E-08
                        6                       -7  -0.1273172951136904E-07  -0.4688792928056985E-08
                        6                       -6   0.1239929381762059E-06   0.4566364774954174E-07
                        6                       -5  -0.3501126624714839E-06  -0.1289381599219173E-06
                        6                       -4  -0.1026696429198714E-05  -0.3781078566104916E-06
                        6                       -3   0.8902923915395901E-06   0.3278734963404747E-06
                        6                       -2   0.2600733086532430E-05   0.9577880910058560E-06
                        6                       -1   0.1274912869861783E-05   0.4695200634571109E-06
                        6                        0  -0.2422810592697694E-04  -0.8922634715824209E-05
                        6                        1  -0.2417808677388663E-04  -0.8904213852337612E-05
                        6                        2  -0.1700094993349192E-04  -0.6261045190068303E-05
                        6                        3   0.1159981684464437E-03   0.4271936435608141E-04
                        6                        4   0.1281903215634811E-03   0.4720944414154221E-04
                        6                        5   0.6509925636122013E-04   0.2397450657239384E-04
                        6                        6   0.9593585928357095E-05   0.3533089343079424E-05
                        6                        7  -0.3904845480043276E-05  -0.1438061643992108E-05
                        6                        8   0.2328716095900738E-05   0.8576107081258396E-06
                        6                        9   0.3962732735171599E-07   0.1459380142176344E-07
                        6                       10  -0.6570216877783848E-06  -0.2419654486442270E-06
                        6                       11  -0.3279716654944869E-06  -0.1207841577533061E-06
                        6                       12  -0.4609488607040171E-07  -0.1697564935176287E-07
                        6                       13  -0.1236754630054760E-06  -0.4554672920096414E-07
                        6                       14  -0.8583160084281113E-07  -0.3160973555683935E-07
                        6                       15  -0.2565986716893467E-07  -0.9449918301291744E-08
                        6                       16  -0.5333202863573213E-08  -0.1964091669422093E-08
                        6                       17  -0.1774863953863108E-08  -0.6536401474524997E-09
                        6                       18   0.1061732522438657E-08   0.3910108157931774E-09
                        7                      -18   0.5032128395747459E-08   0.1853213109341207E-08
                        7                      -17   0.2007809878676623E-07   0.7394285867929656E-08
                        7                      -16   0.5013272615515584E-07   0.1846268974302424E-07
                        7                      -15   0.1394760937536857E-06   0.5136572540606645E-07
                        7                      -14   0.2831505899044254E-06   0.1042776224811796E-06
                        7                      -13  -0.2882176063934976E-06  -0.1061436840448575E-06
                        7                      -12   0.8733216592255227E-07   0.3216235795803761E-07
                        7                      -11  -0.1994760341702881E-07  -0.7346227529412283E-08
                        7                      -10  -0.1672545084848651E-10  -0.6159585434714088E-11
                        7                       -9   0.4808859567809656E-08   0.1770988514437936E-08
                        7                       -8   0.3169183930018620E-07   0.1167135005932536E-07
                        7                       -7  -0.1716562335413933E-07  -0.6321690491202060E-08
                        7                       -6  -0.7130815179053430E-07  -0.2626109496983170E-07
                        7                       -5   0.1071426967979230E-06   0.3945810493306932E-07
                        7                       -4  -0.3754641047446868E-06  -0.1382744926754913E-06
                        7                       -3   0.8906590962665506E-08   0.3280085449628101E-08
                        7                       -2  -0.1802765026597599E-05  -0.6639154484165880E-06
                        7                       -1  -0.3152132503250098E-05  -0.1160855371325617E-05
                        7                        0  -0.1166012533793087E-04  -0.4294146618173752E-05
                        7                        1  -0.1880949770422476E-04  -0.6927090285504320E-05
                        7                        2   0.3815256107351579E-05   0.1405068010508865E-05
                        7                        3   0.3688596585857745E-04   0.1358422323595626E-04
                        7                        4   0.1921021594095457E-04   0.7074665273870546E-05
                        7                        5  -0.4648072823694455E-05  -0.1711774583757155E-05
                        7                        6  -0.5781806842624948E-05  -0.2129301836870099E-05
                        7                        7  -0.5399991166026291E-05  -0.1988688211466069E-05
                        7                        8  -0.2762872569370143E-05  -0.1017500203159151E-05
                        7                        9  -0.7338595392202996E-06  -0.2702630003732539E-06
                        7                       10  -0.1529409642558150E-06  -0.5632451671020231E-07
                        7                       11   0.4069384575710269E-07   0.1498657476432891E-07
                        7                       12  -0.1583066417005564E-07  -0.5830056799488225E-08
                        7                       13  -0.3306210714185915E-06  -0.1217598708918393E-06
                        7                       14  -0.5753079981787167E-07  -0.2118722417803649E-07
                        7                       15   0.1916754362153932E-08   0.7058950074351160E-09
                        7                       16   0.5664795612694329E-08   0.2086209386083109E-08
                        7                       17   0.5421301694477804E-08   0.1996536371844232E-08
                        7                       18   0.5032128192056228E-08   0.1853213034326575E-08
                        8                      -18  -0.1938494360188142E-08  -0.7139013312380017E-09
                        8                      -17  -0.1044536972456204E-07  -0.3846781040371052E-08
                        8                      -16  -0.1803172574804554E-07  -0.6640655387204157E-08
                        8                      -15  -0.7661274391518655E-07  -0.2821464998512527E-07
                        8                      -14  -0.3257796229609759E-06  -0.1199768806649932E-06
                        8                      -13  -0.5675121257507011E-06  -0.2090012075288224E-06
                        8                      -12   0.1724754481808990E-07   0.6351860216413745E-08
                        8                      -11  -0.3552994343781962E-07  -0.1308483245553963E-07
                        8                      -10   0.4284740812688850E-07   0.1577968052427806E-07
                        8                       -9   0.6032663964197830E-07   0.2221686543640167E-07
                        8                       -8  -0.1745492143731475E-08  -0.6428232089127315E-09
                        8                       -7   0.1079909556772203E-07   0.3977049848736682E-08
                        8                       -6  -0.7606703400562251E-07  -0.2801367801486392E-07
                        8                       -5  -0.6730956089559395E-07  -0.2478850912093760E-07
                        8                       -4   0.2231455442778461E-06   0.8217919246580703E-07
                        8                       -3   0.3657454893448713E-06   0.1346953579541269E-06
                        8                       -2  -0.8672325005854777E-06  -0.3193810873923536E-06
                        8                       -1  -0.3813421122346570E-05  -0.1404392229209326E-05
                        8                        0   0.1588227099452444E-05   0.5849062364552478E-06
                        8                        1   0.1985302185168690E-04   0.7311395390204196E-05
                        8                        2   0.2475579923964237E-04   0.9116971602293501E-05
                        8                        3   0.1133567085789260E-04   0.4174657756105064E-05
                        8                        4  -0.3720674488358515E-04  -0.1370235851542336E-04
                        8                        5  -0.3796292917576833E-04  -0.1398084319092092E-04
                        8                        6  -0.1494848014698391E-04  -0.5505169422252485E-05
                        8                        7  -0.2385246858207683E-06  -0.8784296422923078E-07
                        8                        8   0.1439049261352647E-05   0.5299675895353179E-06
                        8                        9  -0.4459840130565407E-06  -0.1642452963345373E-06
                        8                       10  -0.4053797390923800E-06  -0.1492917087294883E-06
                        8                       11  -0.1051715656773302E-06  -0.3873218425982100E-07
                        8                       12  -0.1395886205771048E-07  -0.5140716635667674E-08
                        8                       13   0.2013697374381051E-06   0.7415968113219456E-07
                        8                       14   0.1033063143940501E-06   0.3804525661041696E-07
                        8                       15   0.3080089229122494E-07   0.1134323548297022E-07
                        8                       16   0.6211848117416137E-08   0.2287675802183529E-08
                        8                       17  -0.5262901424640283E-10  -0.1938201322835118E-10
                        8                       18  -0.1938494384708458E-08  -0.7139013402682505E-09
                        9                      -18  -0.3065954778166263E-08  -0.1129118166449539E-08
                        9                      -17  -0.1158773290803696E-07  -0.4267486209387318E-08
                        9                      -16  -0.2423003632066504E-07  -0.8923345633870736E-08
                        9                      -15  -0.7150046093528121E-07  -0.2633191785034332E-07
                        9                      -14  -0.1739756025808373E-06  -0.6407107332173969E-07
                        9                      -13   0.1205009476301522E-07   0.4437763075062909E-08
                        9                      -12   0.1399900505683472E-06   0.5155500346728820E-07
                        9                      -11   0.1293565123445281E-06   0.4763892444758040E-07
                        9                      -10   0.1032937566876774E-06   0.3804063190606864E-07
                        9                       -9   0.8876142841493652E-07   0.3268872131351450E-07
                        9                       -8  -0.8368528818519379E-08  -0.3081929969331830E-08
                        9                       -7  -0.2894227034754091E-07  -0.1065874926154247E-07
                        9                       -6   0.7536125375866009E-10   0.2775375594946309E-10
                        9                       -5   0.5093646913592424E-08   0.1875868915149715E-08
                        9                       -4  -0.7329302426588697E-08  -0.2699207625695518E-08
                        9                       -3   0.8384794419637988E-07   0.3087920203056748E-07
                        9                       -2   0.1135810775074945E-06   0.4182920729683071E-07
                        9                       -1   0.3745323154275525E-06   0.1379313368491979E-06
                        9                        0   0.1939694001740350E-05   0.7143431306668358E-06
                        9                        1   0.5249015774692670E-05   0.1933087568476946E-05
                        9                        2   0.8841422500292506E-05   0.3256085456128866E-05
                        9                        3   0.9635265064726580E-05   0.3548438776923605E-05
                        9                        4   0.6238841477626548E-05   0.2297616814231110E-05
                        9                        5   0.1946935852564689E-04   0.7170101319490172E-05
                        9                        6   0.2515400916890463E-04   0.9263622840724199E-05
                        9                        7   0.1238197055384841E-04   0.4559985029249293E-05
                        9                        8   0.4331701766927329E-05   0.1595262654071012E-05
                        9                        9   0.1732295145121775E-05   0.6379630684504723E-06
                        9                       10   0.9517353371358099E-06   0.3505014706886013E-06
                        9                       11   0.3819752526642000E-06   0.1406723934706098E-06
                        9                       12   0.1164881902937812E-06   0.4289982773855728E-07
                        9                       13   0.3671079924407962E-06   0.1351971354129493E-06
                        9                       14   0.1465737151364060E-06   0.5397961041796585E-07
                        9                       15   0.1767973453315634E-07   0.6511025401141629E-08
                        9                       16   0.2197974850034144E-08   0.8094618192826359E-09
                        9                       17  -0.2807058658584570E-08  -0.1033772888063594E-08
                        9                       18  -0.3065954875570986E-08  -0.1129118202321380E-08
                       10                      -18  -0.8189287848542337E-09  -0.3015919786528625E-09
                       10                      -17  -0.2148102718831265E-08  -0.7910951004576420E-09
                       10                      -16  -0.8720715904478317E-08  -0.3211632090047062E-08
                       10                      -15  -0.4277306617282002E-07  -0.1575230215214228E-07
                       10                      -14  -0.2945165750682838E-07  -0.1084634442746060E-07
                       10                      -13   0.3613046312290059E-06   0.1330598956149702E-06
                       10                      -12   0.2027306675621743E-06   0.7466087930292359E-07
                       10                      -11   0.1442312562529440E-06   0.5311693856829822E-07
                       10                      -10   0.1168105030102342E-06   0.4301852784007750E-07
                       10                       -9   0.1059810337953503E-06   0.3903029210006933E-07
                       10                       -8   0.5039094311479770E-07   0.1855778490297026E-07
                       10                       -7  -0.1651934867750681E-07  -0.6083682910953756E-08
                       10                       -6  -0.2498669219692769E-07  -0.9202003982559735E-08
                       10                       -5   0.1311314374770591E-08   0.4829258712568005E-09
                       10                       -4  -0.3493380389362399E-07  -0.1286528845121064E-07
                       10                       -3  -0.1566776840667813E-06  -0.5770066167213727E-07
                       10                       -2  -0.8409439617052410E-08  -0.3096996442639447E-08
                       10                       -1   0.1179668358808660E-05   0.4344437771235577E-06
                       10                        0  -0.5212745681688889E-06  -0.1919730156553904E-06
                       10                        1  -0.5621419682964798E-05  -0.2070235063632879E-05
                       10                        2  -0.1978837367097339E-05  -0.7287587004055987E-06
                       10                        3   0.4142217362697429E-05   0.1525480058255033E-05
                       10                        4   0.7724086351437490E-05   0.2844597148249281E-05
                       10                        5   0.2049255611949574E-04   0.7546920638323432E-05
                       10                        6   0.2227592353449061E-04   0.8203692408104462E-05
                       10                        7   0.1159432910409090E-04   0.4269915431385960E-05
                       10                        8   0.3631806140363859E-05   0.1337507754292598E-05
                       10                        9  -0.6148307103742591E-07  -0.2264275159302446E-07
                       10                       10  -0.2409488405017827E-06  -0.8873572269654719E-07
                       10                       11  -0.8501556596483261E-07  -0.3130920933520568E-07
                       10                       12  -0.1012873965011403E-06  -0.3730173720638391E-07
                       10                       13  -0.2804570095550564E-06  -0.1032856409532970E-06
                       10                       14  -0.1819562100670416E-06  -0.6701014109799888E-07
                       10                       15  -0.5343908785762980E-07  -0.1968034405733517E-07
                       10                       16  -0.6607289232532292E-08  -0.2433307352269785E-08
                       10                       17  -0.4203551626767197E-09  -0.1548068007783893E-09
                       10                       18  -0.8189287416943135E-09  -0.3015919627580913E-09
                       11                      -18   0.1829775911968423E-08   0.6738629145636017E-09
                       11                      -17   0.1577230741277324E-08   0.5808565394836117E-09
                       11                      -16  -0.5046481293242095E-09  -0.1858498939849143E-09
                       11                      -15   0.1992025940992282E-08   0.7336157382459442E-09
                       11                      -14   0.3130565144311590E-07   0.1152912626392382E-07
                       11                      -13   0.1035733355869383E-06   0.3814359415990210E-07
                       11                      -12   0.1101498765560568E-06   0.4056557765865175E-07
                       11                      -11   0.5139492448522695E-07   0.1892752734411826E-07
                       11                      -10   0.9318112804975263E-07   0.3431639148773214E-07
                       11                       -9   0.6823423798728378E-07   0.2512904568389081E-07
                       11                       -8   0.3923945385291503E-07   0.1445095684463552E-07
                       11                       -7  -0.4098385933643076E-07  -0.1509337986245636E-07
                       11                       -6  -0.3003507332618634E-07  -0.1106120258679233E-07
                       11                       -5  -0.1512578111322575E-07  -0.5570465147857560E-08
                       11                       -4   0.2158968256455959E-07   0.7950966193344537E-08
                       11                       -3   0.2624437782135746E-07   0.9665179661581140E-08
                       11                       -2   0.3584407858221194E-09   0.1320052095191914E-09
                       11                       -1  -0.2775331847549440E-08  -0.1022088658746714E-08
                       11                        0  -0.4468408550327429E-06  -0.1645608508391230E-06
                       11                        1  -0.5213610757883943E-06  -0.1920048743525296E-06
                       11                        2   0.4672565443327444E-06   0.1720794632574733E-06
                       11                        3   0.1442042822712989E-06   0.5310700469291495E-07
                       11                        4   0.1662528280182576E-05   0.6122695927410245E-06
                       11                        5   0.4288703919566194E-05   0.1579427570357638E-05
                       11                        6   0.8732832978166435E-06   0.3216094519865953E-06
                       11                        7  -0.1449858756140530E-06  -0.5339484691693089E-07
                       11                        8  -0.5828700918143627E-06  -0.2146571808672705E-06
                       11                        9  -0.9196160174712416E-06  -0.3386726897863093E-06
                       11                       10  -0.2535428799223415E-06  -0.9337380764157026E-07
                       11                       11  -0.6414630921473971E-07  -0.2362355882116809E-07
                       11                       12  -0.2609685480161337E-07  -0.9610850444872285E-08
                       11                       13  -0.1920290744188363E-06  -0.7071973727625557E-07
                       11                       14  -0.4706541310680028E-07  -0.1733307135799463E-07
                       11                       15   0.1968650695223436E-07   0.7250071916258887E-08
                       11                       16   0.2406165990436067E-07   0.8861336607578234E-08
                       11                       17   0.1012128524693217E-07   0.3727428441382279E-08
                       11                       18   0.1829775806740097E-08   0.6738628758105140E-09
                       12                      -18  -0.5631268384757856E-09  -0.2073862106076452E-09
                       12                      -17   0.2793947998456765E-08   0.1028944544009118E-08
                       12                      -16   0.1207211069953240E-07   0.4445871020440962E-08
                       12                      -15   0.3705825555174032E-07   0.1364767342896875E-07
                       12                      -14   0.1215143373509820E-06   0.4475083806328440E-07
                       12                      -13   0.2498732090243513E-06   0.9202235519833165E-07
                       12                      -12   0.2407849462624848E-08   0.8867536434935772E-09
                       12                      -11  -0.4315093934846385E-06  -0.1589146384828727E-06
                       12                      -10  -0.1087345944338961E-06  -0.4004436294075605E-07
                       12                       -9   0.2582622467944708E-07   0.9511183812636706E-08
                       12                       -8   0.1270672065385627E-06   0.4679582761116198E-07
                       12                       -7   0.1491675531999277E-06   0.5493485923611779E-07
                       12                       -6   0.1472374618073084E-08   0.5422405251782112E-09
                       12                       -5  -0.2543003911339168E-07  -0.9365278098989555E-08
                       12                       -4  -0.3702344576122597E-08  -0.1363485381169326E-08
                       12                       -3   0.1898372985733512E-07   0.6991255840279461E-08
                       12                       -2   0.2816164679649793E-08   0.1037126418872996E-08
                       12                       -1  -0.5001523955144164E-07  -0.1841942222338799E-07
                       12                        0   0.6491392879684476E-07   0.2390625484175180E-07
                       12                        1   0.1920824985359934E-06   0.7073941210696023E-07
                       12                        2  -0.7810149752408735E-07  -0.2876292250275927E-07
                       12                        3   0.2279368933841068E-06   0.8394373229405475E-07
                       12                        4   0.6099911268382889E-06   0.2246452125096500E-06
                       12                        5  -0.1107383595795494E-05  -0.4078230194865253E-06
                       12                        6  -0.1587667809602923E-05  -0.5847002633163413E-06
                       12                        7  -0.2184219358766245E-05  -0.8043959992680588E-06
                       12                        8   0.1629279172445843E-05   0.6000247377838887E-06
                       12                        9   0.1095958729191112E-05   0.4036155130600981E-06
                       12                       10  -0.2820593512750115E-06  -0.1038757452685157E-06
                       12                       11  -0.2958724532001231E-06  -0.1089627819168485E-06
                       12                       12  -0.3508790307668205E-07  -0.1292203951233684E-07
                       12                       13  -0.3424378428940375E-06  -0.1261117065538412E-06
                       12                       14  -0.1762080162191526E-06  -0.6489321812700619E-07
                       12                       15  -0.4483585583763557E-07  -0.1651197848549663E-07
                       12                       16  -0.1725383415277609E-07  -0.6354176428674812E-08
                       12                       17  -0.5398991517230505E-08  -0.1988320064609035E-08
                       12                       18  -0.5631268205734394E-09  -0.2073862040146372E-09
                       13                      -18  -0.5532450004196180E-10  -0.2037469648671047E-10
                       13                      -17  -0.3871477360478094E-08  -0.1425772959811371E-08
                       13                      -16  -0.1147831754199892E-07  -0.4227191134469033E-08
                       13                      -15  -0.1893651431145128E-07  -0.6973867478593261E-08
                       13                      -14  -0.4859647902721098E-07  -0.1789692649280568E-07
                       13                      -13  -0.1399463572969960E-06  -0.5153891227547229E-07
                       13                      -12  -0.2938681052823465E-06  -0.1082246282878506E-06
                       13                      -11  -0.3792829131389253E-06  -0.1396808689087062E-06
                       13                      -10  -0.1135744777125982E-05  -0.4182677674946409E-06
                       13                       -9  -0.1569644688973512E-05  -0.5780627769895041E-06
                       13                       -8  -0.3472895374661229E-06  -0.1278984701807603E-06
                       13                       -7   0.8645457346687149E-06   0.3183916154577973E-06
                       13                       -6   0.2108877383617831E-05   0.7766493431718640E-06
                       13                       -5   0.1021370121667836E-05   0.3761463043279727E-06
                       13                       -4  -0.5101051604324314E-06  -0.1878595886493799E-06
                       13                       -3  -0.4606818360213221E-06  -0.1696581546829307E-06
                       13                       -2   0.3975202767623401E-06   0.1463972558306489E-06
                       13                       -1  -0.2139408230665551E-06  -0.7878931274194879E-07
                       13                        0  -0.2937249228434357E-05  -0.1081718976037446E-05
                       13                        1   0.5926521582462222E-06   0.2182596830934236E-06
                       13                        2   0.1395971158327797E-05   0.5141029495713081E-06
                       13                        3  -0.1986851288143428E-05  -0.7317100367730069E-06
                       13                        4   0.9016166861130393E-05   0.3320439644818068E-05
                       13                        5  -0.4404207856124307E-06  -0.1621964920873357E-06
                       13                        6  -0.2918600168897995E-04  -0.1074850971310286E-04
                       13                        7  -0.8344148208327153E-04  -0.3072951170925145E-04
                       13                        8  -0.2187745416277636E-03  -0.8056945623194156E-04
                       13                        9  -0.8463715971337093E-04  -0.3116985131992569E-04
                       13                       10  -0.8911244189346962E-05  -0.3281799122254996E-05
                       13                       11  -0.4557286685253312E-05  -0.1678340209934783E-05
                       13                       12  -0.2995473014692046E-05  -0.1103161410626240E-05
                       13                       13  -0.9426264600165745E-06  -0.3471468880624881E-06
                       13                       14  -0.2176761241480323E-06  -0.8016493521958268E-07
                       13                       15  -0.5691585797840307E-07  -0.2096075573590598E-07
                       13                       16  -0.2141288421708627E-07  -0.7885855570268166E-08
                       13                       17  -0.5590791602956611E-08  -0.2058955470800333E-08
                       13                       18  -0.5532453311446487E-10  -0.2037470866652614E-10
                       14                      -18   0.3111903474394342E-08   0.1146039977562104E-08
                       14                      -17   0.4437463231100109E-08   0.1634212083905464E-08
                       14                      -16   0.1309163116040433E-07   0.4821336138724934E-08
                       14                      -15   0.2320270459728856E-07   0.8545003813536362E-08
                       14                      -14   0.1917592887748621E-07   0.7062038164523719E-08
                       14                      -13  -0.5763171772777259E-07  -0.2122438984212283E-07
                       14                      -12  -0.3935807877180503E-06  -0.1449464357865591E-06
                       14                      -11  -0.8192667318997171E-06  -0.3017164365056236E-06
                       14                      -10  -0.1263424732299998E-05  -0.4652892558430987E-06
                       14                       -9  -0.4137825681953328E-05  -0.1523862706771337E-05
                       14                       -8  -0.3728805083160382E-05  -0.1373230156076834E-05
                       14                       -7  -0.5012347635630290E-06  -0.1845928326227793E-06
                       14                       -6   0.2061323006533638E-05   0.7591361980197139E-06
                       14                       -5   0.1234689275694453E-05   0.4547066711599845E-06
                       14                       -4   0.2504918024186084E-06   0.9225016842117350E-07
                       14                       -3  -0.2286556249481142E-06  -0.8420842402124544E-07
                       14                       -2  -0.2354356875634454E-06  -0.8670535969790750E-07
                       14                       -1   0.1138156329994876E-06   0.4191558850145116E-07
                       14                        0   0.1329389901104373E-06   0.4895826573571544E-07
                       14                        1   0.4311577024705084E-06   0.1587851190536041E-06
                       14                        2   0.3187806682832138E-05   0.1173993322519847E-05
                       14                        3  -0.1484137099612338E-06  -0.5465723671489667E-07
                       14                        4   0.5824990732674298E-05   0.2145205435677203E-05
                       14                        5  -0.1563654816291118E-05  -0.5758568494563993E-06
                       14                        6  -0.1790185895082066E-04  -0.6592828536981359E-05
                       14                        7  -0.5704033492697706E-05  -0.2100659763316422E-05
                       14                        8   0.2252689717102733E-04   0.8296120024562331E-05
                       14                        9   0.3918905265013972E-04   0.1443239528134379E-04
                       14                       10   0.1532249427601005E-04   0.5642909923384337E-05
                       14                       11   0.3380564996352955E-05   0.1244981621199420E-05
                       14                       12   0.1722776050619376E-05   0.6344574125264678E-06
                       14                       13   0.9537145964556521E-06   0.3512303847841592E-06
                       14                       14   0.3782412168201889E-06   0.1392972369498185E-06
                       14                       15   0.1239018134105776E-06   0.4563008866738664E-07
                       14                       16   0.3765487651740279E-07   0.1386739472936480E-07
                       14                       17   0.1599019755205578E-07   0.5888809146735576E-08
                       14                       18   0.3111903469970797E-08   0.1146039975933018E-08
                       15                      -18  -0.2928810035676687E-08  -0.1078611022221326E-08
                       15                      -17  -0.7564423367162774E-08  -0.2785797071569105E-08
                       15                      -16  -0.1665567645257166E-07  -0.6133889185525564E-08
                       15                      -15  -0.4595061112945032E-07  -0.1692251632515994E-07
                       15                      -14  -0.1029915412090673E-06  -0.3792933313887513E-07
                       15                      -13  -0.1512586174794340E-06  -0.5570494843704738E-07
                       15                      -12  -0.2628066577282191E-06  -0.9678543650350163E-07
                       15                      -11  -0.8609848992125594E-06  -0.3170802445171967E-06
                       15                      -10  -0.1537586280183427E-05  -0.5662564281124340E-06
                       15                       -9   0.4747732551962175E-06   0.1748476889496253E-06
                       15                       -8   0.5580004179853426E-05   0.2054982719642448E-05
                       15                       -7   0.4391118423425466E-05   0.1617144394375696E-05
                       15                       -6  -0.1561614896274099E-05  -0.5751055954699667E-06
                       15                       -5  -0.3226532935768799E-05  -0.1188255279682652E-05
                       15                       -4  -0.8850874171149916E-06  -0.3259566281529294E-06
                       15                       -3   0.1255393312302493E-06   0.4623314750284081E-07
                       15                       -2   0.2362791068573181E-06   0.8701597094808886E-07
                       15                       -1   0.1425789528121043E-07   0.5250843454050721E-08
                       15                        0  -0.1733048911545243E-06  -0.6382406626824742E-07
                       15                        1   0.1425789529584715E-07   0.5250843459441079E-08
                       15                        2   0.2362791068572390E-06   0.8701597094805971E-07
                       15                        3   0.1255393312379590E-06   0.4623314750568014E-07
                       15                        4  -0.8850874171070136E-06  -0.3259566281499913E-06
                       15                        5  -0.3226532935771036E-05  -0.1188255279683475E-05
                       15                        6  -0.1561614896269192E-05  -0.5751055954681594E-06
                       15                        7   0.4391118423433622E-05   0.1617144394378700E-05
                       15                        8   0.5580004179847054E-05   0.2054982719640101E-05
                       15                        9   0.4747732551963775E-06   0.1748476889496842E-06
                       15                       10  -0.1537586280183860E-05  -0.5662564281125938E-06
                       15                       11  -0.8609848992174720E-06  -0.3170802445190059E-06
                       15                       12  -0.2628066577303972E-06  -0.9678543650430377E-07
                       15                       13  -0.1512586174718197E-06  -0.5570494843424320E-07
                       15                       14  -0.1029915411986828E-06  -0.3792933313505077E-07
                       15                       15  -0.4595061113836463E-07  -0.1692251632844288E-07
                       15                       16  -0.1665567645510327E-07  -0.6133889186457899E-08
                       15                       17  -0.7564423361592145E-08  -0.2785797069517575E-08
                       15                       18  -0.2928810035676687E-08  -0.1078611022221326E-08
